    4.23815    0.25000   49.98815    0.25000
        356         24
            1            1            1       -1.404510702
            2            2            1       -0.130666511
            3            3            1       -0.130666511
            4            4            1       -0.130666511
            5            5            1        0.226517489
            6            6            1        1.036796153
            7            7            1        1.036796153
            8            8            1        1.036796153
            9            9            1        1.363252159
           10           10            1        1.452772287
           11           11            1        1.452772287
           12           12            1        1.576355880
           13           13            1        1.576355880
           14           14            1        1.576355880
           15           15            1        2.661260370
           16           16            1        2.758658979
           17           17            1        2.758658979
           18           18            1        2.758658979
           19           19            1        3.605562630
           20           20            1        3.605562630
           21           21            1        3.605562630
           22           22            1        3.738647117
           23           23            1        3.738647117
           24           24            1        3.738647117
           25           25            1        4.037222795
           26           26            1        4.037222795
           27           27            1        4.241245527
           28           28            1        4.241245527
           29           29            1        4.241245527
           30           30            1        4.267814914
           31           31            1        4.796081928
           32           32            1        4.796081928
           33           33            1        5.386444438
           34           34            1        5.386444438
           35           35            1        5.386444438
           36           36            1        6.017349140
           37           37            1        6.017349140
           38           39            3        6.118120955
           39           41            2        6.118120955
           40           43            2        6.141487772
           41           45            2        6.146378374
           42           47            2        6.146378374
           43           50            3        6.292528508
           44           52            2        6.308558489
           45           54            2        6.353832987
           46           57            3        6.364606169
           47           59            2        7.542524754
           48           61            2        8.257066625
           49           64            3        8.519093847
           50           66            2        9.446547809
           51           69            3       10.091813400
           52           71            2       10.091813400
           53           74            3       10.825435028
           54           77            3       11.026920135
           55           79            2       11.026920135
           56           82            3       11.175334982
           57           85            3       11.200889891
           58           87            2       11.206219661
           59           90            3       11.219581997
           60           93            3       11.229129648
           61           96            3       11.310938522
           62           99            3       11.768075010
           63          101            2       11.768075010
           64          104            3       11.783060246
           65          107            3       11.788525849
           66          110            3       12.047634084
           67          113            3       12.412335777
           68          116            3       13.460796681
           69          119            3       13.732205200
           70          122            3       14.210408517
           71          125            3       14.212962378
           72          128            4       14.274068202
           73          132            3       14.275980302
           74          135            3       14.282520005
           75          138            3       15.299258620
           76          141            3       15.380990631
           77          144            3       15.894522339
           78          147            4       16.161037705
           79          151            3       16.171110129
           80          154            3       16.208622558
           81          157            4       16.230441365
           82          161            3       16.262296734
           83          164            3       16.331916609
           84          167            4       16.334233402
           85          171            3       18.200440093
           86          174            4       18.669148805
           87          178            3       19.055485943
           88          181            4       19.265256322
           89          185            3       20.284772209
           90          188            4       20.303776798
           91          192            3       20.839584501
           92          195            4       20.912360346
           93          199            3       21.052545285
           94          202            4       21.095462437
           95          206            4       21.108375301
           96          210            3       21.200449760
           97          213            4       21.220940524
           98          217            4       21.226283498
           99          221            3       21.259361805
          100          224            4       21.262056318
          101          228            4       21.265397610
          102          232            4       21.868098122
          103          236            4       21.876475231
          104          240            3       21.888000477
          105          243            4       21.966415246
          106          247            4       22.068717907
          107          251            4       22.078806144
          108          255            4       22.140006071
          109          259            4       22.330510553
          110          263            4       23.949482101
          111          267            4       24.247650282
          112          271            4       24.333947139
          113          275            4       24.346959687
          114          279            4       24.360879728
          115          283            4       24.379013496
          116          287            4       25.616196544
          117          291            4       25.860738356
          118          295            4       26.074043916
          119          299            4       26.074874175
          120          303            4       26.110845270
          121          308            5       26.739586095
          122          312            4       26.801819296
          123          316            4       26.940371643
          124          320            4       26.963566049
          125          324            4       26.980198403
          126          329            5       27.004262297
          127          333            4       29.106240708
          128          337            4       29.189955688
          129          341            4       29.875650323
          130          346            5       30.098174480
          131          350            4       30.358741874
          132          355            5       30.903045685
          133          359            4       31.157414022
          134          363            4       31.206716467
          135          368            5       31.247144577
          136          372            4       31.267173688
          137          377            5       31.291506395
          138          381            4       31.291897627
          139          386            5       31.370425201
          140          390            4       31.861463510
          141          395            5       31.884196110
          142          399            4       31.890917759
          143          404            5       32.202342341
          144          408            4       32.220896961
          145          413            5       33.412962532
          146          418            5       33.494246105
          147          422            4       34.079106805
          148          427            5       34.090937106
          149          431            4       34.253569245
          150          436            5       34.314881830
          151          441            5       34.325864452
          152          446            5       34.346183018
          153          450            4       34.354088220
          154          455            5       34.356844798
          155          460            5       35.847969188
          156          465            5       35.938266884
          157          469            4       36.183547732
          158          474            5       36.225059508
          159          479            5       36.248236603
          160          484            5       36.264351781
          161          489            5       36.271288062
          162          494            5       36.284791479
          163          498            4       36.291047527
          164          503            5       36.312362613
          165          508            5       36.318868234
          166          513            5       36.332520335
          167          518            5       36.352768325
          168          523            5       36.402807875
          169          528            5       36.428993354
          170          533            5       39.327833937
          171          538            5       40.269866234
          172          543            5       40.474677203
          173          548            5       40.856469156
          174          553            5       40.936080197
          175          558            5       41.096762083
          176          563            5       41.796274648
          177          568            6       41.869014122
          178          574            5       41.913637975
          179          579            5       41.917869917
          180          584            5       41.921192169
          181          589            5       41.991705365
          182          594            5       42.000734177
          183          599            6       42.004832423
          184          605            5       42.022549079
          185          610            5       43.604527925
          186          615            5       43.687987596
          187          620            6       43.787500994
          188          626            5       44.220465554
          189          631            5       44.389797377
          190          636            5       44.411709455
          191          641            6       44.417963080
          192          647            5       45.539696792
          193          652            5       45.550352046
          194          657            6       45.731054663
          195          663            5       46.088007843
          196          668            6       46.120425628
          197          674            5       46.179028875
          198          679            5       46.220651391
          199          684            6       46.331507382
          200          690            5       46.341672157
          201          695            6       46.342019994
          202          701            5       46.343820423
          203          706            6       47.013370495
          204          712            5       47.017044239
          205          717            6       47.247294062
          206          723            5       47.262016447
          207          728            6       48.992207766
          208          734            5       49.220117600
          209          739            6       49.288838858
          210          745            6       49.434991718
          211          751            5       50.379122618
          212          756            6       50.384204004
          213          762            5       50.684233725
          214          767            6       50.921429768
          215          773            6       51.026124557
          216          779            5       51.196203908
          217          784            6       51.228685493
          218          790            6       51.236258367
          219          796            6       51.238584026
          220          802            5       51.247286623
          221          807            6       51.307073578
          222          813            6       51.319056280
          223          819            6       51.419786618
          224          825            5       51.951910856
          225          830            6       51.971988538
          226          836            6       51.972396457
          227          842            6       51.976986334
          228          848            6       52.079182056
          229          854            5       52.117705220
          230          859            6       52.131091749
          231          865            6       52.171276197
          232          871            6       54.358122977
          233          877            6       54.382503342
          234          883            6       54.442727693
          235          889            6       54.451934520
          236          895            6       55.720592888
          237          901            6       56.153077070
          238          907            6       56.179020394
          239          913            6       56.266053122
          240          919            6       56.352067764
          241          925            6       56.357991675
          242          931            6       56.360321896
          243          937            6       56.395470534
          244          943            6       58.893292385
          245          949            6       58.989896947
          246          955            6       59.263045505
          247          961            6       59.291035946
          248          967            6       60.269372398
          249          973            6       60.300435585
          250          979            6       61.104129973
          251          986            7       61.203734389
          252          992            6       61.264273416
          253          998            6       61.294392704
          254         1004            6       61.308727532
          255         1010            6       61.337965429
          256         1016            6       61.347200520
          257         1023            7       61.372566903
          258         1029            6       61.378009289
          259         1035            6       61.399495483
          260         1041            6       61.894712301
          261         1048            7       61.898640137
          262         1054            6       61.944283029
          263         1060            6       62.259843333
          264         1067            7       62.266413910
          265         1073            6       63.931978275
          266         1079            6       63.995155811
          267         1086            7       64.254429161
          268         1092            6       64.322827977
          269         1098            6       64.338300674
          270         1105            7       64.406166953
          271         1111            6       64.421252978
          272         1117            6       64.427595926
          273         1124            7       64.453340667
          274         1130            6       64.488663489
          275         1137            7       64.491782802
          276         1143            6       66.092227159
          277         1150            7       66.195413910
          278         1156            6       66.208785706
          279         1163            7       66.220504647
          280         1169            6       66.333503416
          281         1176            7       66.352303217
          282         1182            6       66.357050305
          283         1189            7       66.412384261
          284         1195            6       66.423068004
          285         1202            7       66.473443809
          286         1208            6       66.504328082
          287         1215            7       66.930435329
          288         1222            7       67.002543427
          289         1228            6       67.020152268
          290         1235            7       67.024567306
          291         1241            6       67.052329043
          292         1248            7       70.561266396
          293         1255            7       70.787924597
          294         1261            6       70.872646589
          295         1268            7       71.171611576
          296         1275            7       71.226859603
          297         1281            6       71.258917404
          298         1288            7       71.314966879
          299         1295            7       71.872330926
          300         1302            7       71.962173255
          301         1308            6       71.978448415
          302         1315            7       72.009453107
          303         1322            7       72.032503692
          304         1329            7       72.060213091
          305         1335            6       72.083595561
          306         1342            7       72.094186971
          307         1349            7       72.216118162
          308         1356            7       72.221651145
          309         1363            7       72.224651872
          310         1370            7       74.382629328
          311         1376            6       74.390667229
          312         1383            7       74.481036639
          313         1390            7       74.489084691
          314         1397            7       74.506988595
          315         1404            7       74.508569815
          316         1411            7       74.537685181
          317         1418            7       76.281970280
          318         1425            7       76.340644742
          319         1432            7       76.374403406
          320         1439            7       76.382024217
          321         1446            7       76.397067934
          322         1453            7       76.400761459
          323         1460            7       78.946463358
          324         1467            7       78.979468305
          325         1474            7       80.609625926
          326         1481            7       80.718010737
          327         1488            7       80.899264697
          328         1495            7       80.957979417
          329         1502            7       81.132239546
          330         1509            7       81.243072552
          331         1516            7       81.260364544
          332         1523            7       81.296415825
          333         1530            7       81.333687702
          334         1537            7       81.347184664
          335         1544            8       81.372820417
          336         1552            7       81.380569966
          337         1559            7       81.420559165
          338         1566            7       81.432666854
          339         1573            7       81.438921204
          340         1580            7       81.460244692
          341         1587            8       81.480102283
          342         1595            7       82.094004131
          343         1602            7       82.095814038
          344         1609            7       82.160323050
          345         1616            7       82.163921815
          346         1623            8       82.169353682
          347         1631            7       82.360254276
          348         1638            7       82.361533898
          349         1645            8       84.423518948
          350         1653            7       84.488347731
          351         1660            7       84.492249435
          352         1667            7       84.556633766
          353         1674            8       84.572858899
          354         1682            7       84.593087922
          355         1689            7       86.078784676
          356         1696            8       86.099185600
