#    Running state based averaged BO population
       0     0.00000000     1.00000000
       1     0.00000000     1.00000000
       2     0.00000000     1.00000000
       3     0.00000000     1.00000000
       4     0.00000000     1.00000000
       5     0.00000000     1.00000000
       6     0.00000000     1.00000000
       7     0.00000000     1.00000000
       8     0.00000000     1.00000000
       9     0.00000000     1.00000000
      10     0.00000000     1.00000000
      11     0.00000000     1.00000000
      12     0.00000000     1.00000000
      13     0.00000000     1.00000000
      14     0.00000000     1.00000000
      15     0.00000000     1.00000000
      16     0.00000000     1.00000000
      17     0.00000000     1.00000000
      18     0.00000000     1.00000000
      19     0.00000000     1.00000000
      20     0.00000000     1.00000000
      21     0.00000000     1.00000000
      22     0.00000000     1.00000000
      23     0.00000000     1.00000000
      24     0.00000000     1.00000000
      25     0.00000000     1.00000000
      26     0.00000000     1.00000000
      27     0.00000000     1.00000000
      28     0.00000000     1.00000000
      29     0.00000000     1.00000000
      30     0.00000000     1.00000000
      31     0.00000000     1.00000000
      32     0.00000000     1.00000000
      33     0.00000000     1.00000000
      34     0.00000000     1.00000000
      35     0.00000000     1.00000000
      36     0.00000000     1.00000000
      37     0.00000000     1.00000000
      38     0.00000000     1.00000000
      39     0.00000000     1.00000000
      40     0.00000000     1.00000000
      41     0.00000000     1.00000000
      42     0.00000000     1.00000000
      43     0.00000000     1.00000000
      44     0.00000000     1.00000000
      45     0.00000000     1.00000000
      46     0.00000000     1.00000000
      47     0.00000000     1.00000000
      48     0.00000000     1.00000000
      49     0.00000000     1.00000000
      50     0.00000000     1.00000000
      51     0.00000000     1.00000000
      52     0.00000000     1.00000000
      53     0.00000000     1.00000000
      54     0.00000000     1.00000000
      55     0.00000000     1.00000000
      56     0.00000000     1.00000000
      57     0.00000000     1.00000000
      58     0.00000000     1.00000000
      59     0.00000000     1.00000000
      60     0.00000000     1.00000000
      61     0.00000000     1.00000000
      62     0.00000000     1.00000000
      63     0.00000000     1.00000000
      64     0.00000000     1.00000000
      65     0.00000000     1.00000000
      66     0.00000000     1.00000000
      67     0.00000000     1.00000000
      68     0.00000000     1.00000000
      69     0.00000000     1.00000000
      70     0.00000000     1.00000000
      71     0.00000000     1.00000000
      72     0.00000000     1.00000000
      73     0.00000000     1.00000000
      74     0.00000000     1.00000000
      75     0.00000000     1.00000000
      76     0.00000000     1.00000000
      77     0.00000000     1.00000000
      78     0.00000000     1.00000000
      79     0.00000000     1.00000000
      80     0.00000000     1.00000000
      81     0.00000000     1.00000000
      82     0.00000000     1.00000000
      83     0.00000000     1.00000000
      84     0.00000000     1.00000000
      85     0.00000000     1.00000000
      86     0.00000000     1.00000000
      87     0.00000000     1.00000000
      88     0.00000000     1.00000000
      89     0.00000000     1.00000000
      90     0.00000000     1.00000000
      91     0.00000000     1.00000000
      92     0.00000000     1.00000000
      93     0.00000000     1.00000000
      94     0.00000000     1.00000000
      95     0.00000000     1.00000000
      96     0.00000000     1.00000000
      97     0.00000000     1.00000000
      98     0.00000000     1.00000000
      99     0.00000000     1.00000000
     100     0.33333333     0.66666667
     101     0.33333333     0.66666667
     102     0.33333333     0.66666667
     103     0.33333333     0.66666667
     104     0.33333333     0.66666667
     105     0.33333333     0.66666667
     106     0.33333333     0.66666667
     107     0.33333333     0.66666667
     108     0.33333333     0.66666667
     109     0.33333333     0.66666667
     110     0.33333333     0.66666667
     111     0.33333333     0.66666667
     112     0.33333333     0.66666667
     113     0.33333333     0.66666667
     114     0.33333333     0.66666667
     115     0.33333333     0.66666667
     116     0.33333333     0.66666667
     117     0.33333333     0.66666667
     118     0.33333333     0.66666667
     119     0.33333333     0.66666667
     120     0.33333333     0.66666667
     121     0.33333333     0.66666667
     122     0.33333333     0.66666667
     123     0.33333333     0.66666667
     124     0.33333333     0.66666667
     125     0.33333333     0.66666667
     126     0.33333333     0.66666667
     127     0.33333333     0.66666667
     128     0.33333333     0.66666667
     129     0.33333333     0.66666667
     130     0.33333333     0.66666667
     131     0.33333333     0.66666667
     132     0.33333333     0.66666667
     133     0.33333333     0.66666667
     134     0.33333333     0.66666667
     135     0.33333333     0.66666667
     136     0.33333333     0.66666667
     137     0.33333333     0.66666667
     138     0.33333333     0.66666667
     139     0.33333333     0.66666667
     140     0.33333333     0.66666667
     141     0.33333333     0.66666667
     142     0.33333333     0.66666667
     143     0.33333333     0.66666667
     144     0.33333333     0.66666667
     145     0.33333333     0.66666667
     146     0.33333333     0.66666667
     147     0.33333333     0.66666667
     148     0.33333333     0.66666667
     149     0.33333333     0.66666667
     150     0.33333333     0.66666667
     151     0.33333333     0.66666667
     152     0.33333333     0.66666667
     153     0.33333333     0.66666667
     154     0.33333333     0.66666667
     155     0.33333333     0.66666667
     156     0.33333333     0.66666667
     157     0.33333333     0.66666667
     158     0.33333333     0.66666667
     159     0.33333333     0.66666667
     160     0.33333333     0.66666667
     161     0.33333333     0.66666667
     162     0.33333333     0.66666667
     163     0.33333333     0.66666667
     164     0.33333333     0.66666667
     165     0.33333333     0.66666667
     166     0.33333333     0.66666667
     167     0.33333333     0.66666667
     168     0.33333333     0.66666667
     169     0.33333333     0.66666667
     170     0.33333333     0.66666667
     171     0.33333333     0.66666667
     172     0.33333333     0.66666667
     173     0.33333333     0.66666667
     174     0.33333333     0.66666667
     175     0.33333333     0.66666667
     176     0.33333333     0.66666667
     177     0.33333333     0.66666667
     178     0.33333333     0.66666667
     179     0.33333333     0.66666667
     180     0.33333333     0.66666667
     181     0.33333333     0.66666667
     182     0.33333333     0.66666667
     183     0.33333333     0.66666667
     184     0.33333333     0.66666667
     185     0.33333333     0.66666667
     186     0.33333333     0.66666667
     187     0.33333333     0.66666667
     188     0.33333333     0.66666667
     189     0.33333333     0.66666667
     190     0.33333333     0.66666667
     191     0.33333333     0.66666667
     192     0.33333333     0.66666667
     193     0.33333333     0.66666667
     194     0.33333333     0.66666667
     195     0.33333333     0.66666667
     196     0.33333333     0.66666667
     197     0.33333333     0.66666667
     198     0.33333333     0.66666667
     199     0.33333333     0.66666667
     200     0.33333333     0.66666667
     201     0.33333333     0.66666667
     202     0.33333333     0.66666667
     203     0.33333333     0.66666667
     204     0.33333333     0.66666667
     205     0.33333333     0.66666667
     206     0.33333333     0.66666667
     207     0.33333333     0.66666667
     208     0.33333333     0.66666667
     209     0.33333333     0.66666667
     210     0.33333333     0.66666667
     211     0.33333333     0.66666667
     212     0.33333333     0.66666667
     213     0.33333333     0.66666667
     214     0.33333333     0.66666667
     215     0.33333333     0.66666667
     216     0.33333333     0.66666667
     217     0.33333333     0.66666667
     218     0.33333333     0.66666667
     219     0.33333333     0.66666667
     220     0.33333333     0.66666667
     221     0.33333333     0.66666667
     222     0.33333333     0.66666667
     223     0.66666667     0.33333333
     224     0.66666667     0.33333333
     225     0.66666667     0.33333333
     226     0.66666667     0.33333333
     227     0.66666667     0.33333333
     228     0.66666667     0.33333333
     229     0.66666667     0.33333333
     230     0.66666667     0.33333333
     231     0.66666667     0.33333333
     232     0.66666667     0.33333333
     233     0.66666667     0.33333333
     234     0.66666667     0.33333333
     235     0.66666667     0.33333333
     236     0.66666667     0.33333333
     237     0.66666667     0.33333333
     238     0.66666667     0.33333333
     239     0.66666667     0.33333333
     240     0.66666667     0.33333333
     241     0.66666667     0.33333333
     242     0.66666667     0.33333333
     243     0.66666667     0.33333333
     244     0.66666667     0.33333333
     245     0.66666667     0.33333333
     246     0.66666667     0.33333333
     247     0.66666667     0.33333333
     248     0.66666667     0.33333333
     249     0.66666667     0.33333333
     250     0.66666667     0.33333333
     251     0.66666667     0.33333333
     252     0.66666667     0.33333333
     253     0.66666667     0.33333333
     254     0.66666667     0.33333333
     255     0.66666667     0.33333333
     256     0.66666667     0.33333333
     257     0.66666667     0.33333333
     258     0.66666667     0.33333333
     259     0.66666667     0.33333333
     260     0.66666667     0.33333333
     261     0.66666667     0.33333333
     262     0.66666667     0.33333333
     263     0.66666667     0.33333333
     264     0.66666667     0.33333333
     265     0.66666667     0.33333333
     266     0.66666667     0.33333333
     267     0.66666667     0.33333333
     268     0.66666667     0.33333333
     269     0.66666667     0.33333333
     270     0.66666667     0.33333333
     271     0.66666667     0.33333333
     272     0.66666667     0.33333333
     273     0.66666667     0.33333333
     274     0.66666667     0.33333333
     275     0.66666667     0.33333333
     276     0.66666667     0.33333333
     277     0.66666667     0.33333333
     278     0.66666667     0.33333333
     279     0.66666667     0.33333333
     280     0.66666667     0.33333333
     281     0.66666667     0.33333333
     282     0.66666667     0.33333333
     283     0.66666667     0.33333333
     284     0.66666667     0.33333333
     285     0.66666667     0.33333333
     286     0.66666667     0.33333333
     287     0.66666667     0.33333333
     288     0.66666667     0.33333333
     289     0.66666667     0.33333333
     290     0.66666667     0.33333333
     291     0.66666667     0.33333333
     292     0.66666667     0.33333333
     293     0.66666667     0.33333333
     294     0.66666667     0.33333333
     295     0.66666667     0.33333333
     296     0.66666667     0.33333333
     297     0.66666667     0.33333333
     298     0.66666667     0.33333333
     299     0.66666667     0.33333333
     300     0.66666667     0.33333333
     301     0.66666667     0.33333333
     302     0.66666667     0.33333333
     303     0.66666667     0.33333333
     304     0.66666667     0.33333333
     305     1.00000000     0.00000000
     306     0.66666667     0.33333333
     307     0.66666667     0.33333333
     308     0.66666667     0.33333333
     309     0.66666667     0.33333333
     310     0.66666667     0.33333333
     311     0.66666667     0.33333333
     312     0.66666667     0.33333333
     313     0.66666667     0.33333333
     314     0.66666667     0.33333333
     315     0.66666667     0.33333333
     316     0.66666667     0.33333333
     317     0.66666667     0.33333333
     318     0.66666667     0.33333333
     319     0.66666667     0.33333333
     320     0.66666667     0.33333333
     321     0.66666667     0.33333333
     322     0.66666667     0.33333333
     323     0.66666667     0.33333333
     324     0.66666667     0.33333333
     325     0.66666667     0.33333333
     326     0.66666667     0.33333333
     327     0.66666667     0.33333333
     328     0.66666667     0.33333333
     329     0.66666667     0.33333333
     330     0.66666667     0.33333333
     331     0.66666667     0.33333333
     332     0.66666667     0.33333333
     333     0.66666667     0.33333333
     334     0.66666667     0.33333333
     335     0.66666667     0.33333333
     336     0.66666667     0.33333333
     337     0.66666667     0.33333333
     338     0.66666667     0.33333333
     339     0.66666667     0.33333333
     340     0.66666667     0.33333333
     341     0.66666667     0.33333333
     342     0.66666667     0.33333333
     343     0.66666667     0.33333333
     344     0.66666667     0.33333333
     345     0.66666667     0.33333333
     346     0.66666667     0.33333333
     347     0.66666667     0.33333333
     348     0.66666667     0.33333333
     349     0.66666667     0.33333333
     350     0.66666667     0.33333333
     351     0.66666667     0.33333333
     352     0.66666667     0.33333333
     353     0.66666667     0.33333333
     354     0.66666667     0.33333333
     355     0.66666667     0.33333333
     356     0.66666667     0.33333333
     357     0.66666667     0.33333333
     358     0.66666667     0.33333333
     359     0.66666667     0.33333333
     360     0.66666667     0.33333333
     361     0.66666667     0.33333333
     362     0.66666667     0.33333333
     363     0.66666667     0.33333333
     364     0.66666667     0.33333333
     365     0.66666667     0.33333333
     366     0.66666667     0.33333333
     367     0.66666667     0.33333333
     368     0.66666667     0.33333333
     369     0.66666667     0.33333333
     370     0.66666667     0.33333333
     371     0.66666667     0.33333333
     372     0.66666667     0.33333333
     373     0.66666667     0.33333333
     374     0.66666667     0.33333333
     375     0.66666667     0.33333333
     376     0.66666667     0.33333333
     377     0.66666667     0.33333333
     378     0.66666667     0.33333333
     379     0.66666667     0.33333333
     380     0.66666667     0.33333333
     381     0.66666667     0.33333333
     382     0.66666667     0.33333333
     383     0.66666667     0.33333333
     384     0.66666667     0.33333333
     385     0.66666667     0.33333333
     386     0.66666667     0.33333333
     387     0.66666667     0.33333333
     388     0.66666667     0.33333333
     389     0.66666667     0.33333333
     390     0.66666667     0.33333333
     391     0.66666667     0.33333333
     392     0.66666667     0.33333333
     393     0.66666667     0.33333333
     394     0.66666667     0.33333333
     395     0.66666667     0.33333333
     396     0.66666667     0.33333333
     397     0.66666667     0.33333333
     398     0.66666667     0.33333333
     399     0.66666667     0.33333333
     400     0.66666667     0.33333333
     401     0.66666667     0.33333333
     402     0.66666667     0.33333333
     403     0.66666667     0.33333333
     404     0.66666667     0.33333333
     405     0.66666667     0.33333333
     406     0.66666667     0.33333333
     407     0.66666667     0.33333333
     408     0.66666667     0.33333333
     409     0.66666667     0.33333333
     410     0.66666667     0.33333333
     411     0.66666667     0.33333333
     412     0.66666667     0.33333333
     413     0.66666667     0.33333333
     414     0.66666667     0.33333333
     415     0.66666667     0.33333333
     416     0.66666667     0.33333333
     417     0.66666667     0.33333333
     418     0.66666667     0.33333333
     419     0.66666667     0.33333333
     420     0.66666667     0.33333333
     421     0.66666667     0.33333333
     422     0.66666667     0.33333333
     423     0.66666667     0.33333333
     424     0.66666667     0.33333333
     425     0.66666667     0.33333333
     426     0.66666667     0.33333333
     427     0.66666667     0.33333333
     428     0.66666667     0.33333333
     429     0.66666667     0.33333333
     430     1.00000000     0.00000000
     431     1.00000000     0.00000000
     432     1.00000000     0.00000000
     433     1.00000000     0.00000000
     434     1.00000000     0.00000000
     435     1.00000000     0.00000000
     436     1.00000000     0.00000000
     437     1.00000000     0.00000000
     438     1.00000000     0.00000000
     439     1.00000000     0.00000000
     440     1.00000000     0.00000000
     441     1.00000000     0.00000000
     442     1.00000000     0.00000000
     443     1.00000000     0.00000000
     444     1.00000000     0.00000000
     445     1.00000000     0.00000000
     446     1.00000000     0.00000000
     447     1.00000000     0.00000000
     448     1.00000000     0.00000000
     449     1.00000000     0.00000000
     450     1.00000000     0.00000000
     451     1.00000000     0.00000000
     452     1.00000000     0.00000000
     453     1.00000000     0.00000000
     454     1.00000000     0.00000000
     455     1.00000000     0.00000000
     456     1.00000000     0.00000000
     457     1.00000000     0.00000000
     458     1.00000000     0.00000000
     459     1.00000000     0.00000000
     460     1.00000000     0.00000000
     461     1.00000000     0.00000000
     462     1.00000000     0.00000000
     463     1.00000000     0.00000000
     464     1.00000000     0.00000000
     465     1.00000000     0.00000000
     466     1.00000000     0.00000000
     467     1.00000000     0.00000000
     468     1.00000000     0.00000000
     469     1.00000000     0.00000000
     470     1.00000000     0.00000000
     471     1.00000000     0.00000000
     472     1.00000000     0.00000000
     473     1.00000000     0.00000000
     474     1.00000000     0.00000000
     475     1.00000000     0.00000000
     476     1.00000000     0.00000000
     477     1.00000000     0.00000000
     478     1.00000000     0.00000000
     479     1.00000000     0.00000000
     480     1.00000000     0.00000000
     481     1.00000000     0.00000000
     482     1.00000000     0.00000000
     483     1.00000000     0.00000000
     484     1.00000000     0.00000000
     485     1.00000000     0.00000000
     486     1.00000000     0.00000000
     487     1.00000000     0.00000000
     488     1.00000000     0.00000000
     489     1.00000000     0.00000000
     490     1.00000000     0.00000000
     491     1.00000000     0.00000000
     492     1.00000000     0.00000000
     493     1.00000000     0.00000000
     494     1.00000000     0.00000000
     495     1.00000000     0.00000000
     496     1.00000000     0.00000000
     497     1.00000000     0.00000000
     498     1.00000000     0.00000000
     499     1.00000000     0.00000000
     500     1.00000000     0.00000000
     501     1.00000000     0.00000000
     502     1.00000000     0.00000000
     503     1.00000000     0.00000000
     504     1.00000000     0.00000000
     505     1.00000000     0.00000000
     506     1.00000000     0.00000000
     507     1.00000000     0.00000000
     508     1.00000000     0.00000000
     509     1.00000000     0.00000000
     510     1.00000000     0.00000000
     511     1.00000000     0.00000000
     512     1.00000000     0.00000000
     513     1.00000000     0.00000000
     514     1.00000000     0.00000000
     515     1.00000000     0.00000000
     516     1.00000000     0.00000000
     517     1.00000000     0.00000000
     518     1.00000000     0.00000000
     519     1.00000000     0.00000000
     520     1.00000000     0.00000000
     521     1.00000000     0.00000000
     522     1.00000000     0.00000000
     523     1.00000000     0.00000000
     524     1.00000000     0.00000000
     525     1.00000000     0.00000000
     526     1.00000000     0.00000000
     527     1.00000000     0.00000000
     528     1.00000000     0.00000000
     529     1.00000000     0.00000000
     530     1.00000000     0.00000000
     531     1.00000000     0.00000000
     532     1.00000000     0.00000000
     533     1.00000000     0.00000000
     534     1.00000000     0.00000000
     535     1.00000000     0.00000000
     536     1.00000000     0.00000000
     537     1.00000000     0.00000000
     538     1.00000000     0.00000000
     539     1.00000000     0.00000000
     540     1.00000000     0.00000000
     541     1.00000000     0.00000000
     542     1.00000000     0.00000000
     543     1.00000000     0.00000000
     544     1.00000000     0.00000000
     545     1.00000000     0.00000000
     546     1.00000000     0.00000000
     547     1.00000000     0.00000000
     548     1.00000000     0.00000000
     549     1.00000000     0.00000000
     550     1.00000000     0.00000000
     551     1.00000000     0.00000000
     552     1.00000000     0.00000000
     553     1.00000000     0.00000000
     554     1.00000000     0.00000000
     555     1.00000000     0.00000000
     556     1.00000000     0.00000000
     557     1.00000000     0.00000000
     558     1.00000000     0.00000000
     559     1.00000000     0.00000000
     560     1.00000000     0.00000000
     561     1.00000000     0.00000000
     562     1.00000000     0.00000000
     563     1.00000000     0.00000000
     564     1.00000000     0.00000000
     565     1.00000000     0.00000000
     566     1.00000000     0.00000000
     567     1.00000000     0.00000000
     568     1.00000000     0.00000000
     569     1.00000000     0.00000000
     570     1.00000000     0.00000000
     571     1.00000000     0.00000000
     572     1.00000000     0.00000000
     573     1.00000000     0.00000000
     574     1.00000000     0.00000000
     575     1.00000000     0.00000000
     576     1.00000000     0.00000000
     577     1.00000000     0.00000000
     578     1.00000000     0.00000000
     579     1.00000000     0.00000000
     580     1.00000000     0.00000000
     581     1.00000000     0.00000000
     582     1.00000000     0.00000000
     583     1.00000000     0.00000000
     584     1.00000000     0.00000000
     585     1.00000000     0.00000000
     586     1.00000000     0.00000000
     587     1.00000000     0.00000000
     588     1.00000000     0.00000000
     589     1.00000000     0.00000000
     590     1.00000000     0.00000000
     591     1.00000000     0.00000000
     592     1.00000000     0.00000000
     593     1.00000000     0.00000000
     594     1.00000000     0.00000000
     595     1.00000000     0.00000000
     596     1.00000000     0.00000000
     597     1.00000000     0.00000000
     598     1.00000000     0.00000000
     599     1.00000000     0.00000000
     600     1.00000000     0.00000000