#    Averaged electronic coherence
       0     0.00000000
       1     0.00001267
       2     0.00000553
       3     0.00001238
       4     0.00001583
       5     0.00002002
       6     0.00002801
       7     0.00003544
       8     0.00004551
       9     0.00005687
      10     0.00006962
      11     0.00008539
      12     0.00010452
      13     0.00012686
      14     0.00014957
      15     0.00016643
      16     0.00017027
      17     0.00015676
      18     0.00012702
      19     0.00008767
      20     0.00004922
      21     0.00002292
      22     0.00001620
      23     0.00002889
      24     0.00005220
      25     0.00007259
      26     0.00008115
      27     0.00008049
      28     0.00007833
      29     0.00007721
      30     0.00007533
      31     0.00007277
      32     0.00007097
      33     0.00006900
      34     0.00006459
      35     0.00005746
      36     0.00004886
      37     0.00003944
      38     0.00002995
      39     0.00002137
      40     0.00001410
      41     0.00000835
      42     0.00000427
      43     0.00000194
      44     0.00000123
      45     0.00000176
      46     0.00000307
      47     0.00000474
      48     0.00000652
      49     0.00000823
      50     0.00000973
      51     0.00001091
      52     0.00001163
      53     0.00001184
      54     0.00001152
      55     0.00001085
      56     0.00001016
      57     0.00000991
      58     0.00001057
      59     0.00001256
      60     0.00001622
      61     0.00002155
      62     0.00002800
      63     0.00003451
      64     0.00003987
      65     0.00004293
      66     0.00004265
      67     0.00003857
      68     0.00003150
      69     0.00002377
      70     0.00001829
      71     0.00001682
      72     0.00001895
      73     0.00002264
      74     0.00002590
      75     0.00002769
      76     0.00002762
      77     0.00002529
      78     0.00002039
      79     0.00001361
      80     0.00000751
      81     0.00000598
      82     0.00001175
      83     0.00002455
      84     0.00004148
      85     0.00005831
      86     0.00007027
      87     0.00007298
      88     0.00006511
      89     0.00005410
      90     0.00006600
      91     0.00016008
      92     0.00045030
      93     0.00113452
      94     0.00252632
      95     0.00506926
      96     0.00930569
      97     0.01578398
      98     0.02490253
      99     0.03663780
     100     0.06455706
     101     0.08198917
     102     0.07984760
     103     0.06959264
     104     0.05963486
     105     0.05014683
     106     0.04010348
     107     0.02925460
     108     0.01855878
     109     0.00980189
     110     0.00436184
     111     0.00206930
     112     0.00146206
     113     0.00113656
     114     0.00063750
     115     0.00019736
     116     0.00002364
     117     0.00002622
     118     0.00004303
     119     0.00003365
     120     0.00002445
     121     0.00002264
     122     0.00002124
     123     0.00001912
     124     0.00001758
     125     0.00001662
     126     0.00001619
     127     0.00001622
     128     0.00001658
     129     0.00001717
     130     0.00001807
     131     0.00001941
     132     0.00002135
     133     0.00002389
     134     0.00002673
     135     0.00002892
     136     0.00002866
     137     0.00002436
     138     0.00001653
     139     0.00000818
     140     0.00000261
     141     0.00000181
     142     0.00000634
     143     0.00001479
     144     0.00002407
     145     0.00003126
     146     0.00003502
     147     0.00003542
     148     0.00003323
     149     0.00002952
     150     0.00002522
     151     0.00002076
     152     0.00001628
     153     0.00001177
     154     0.00000733
     155     0.00000348
     156     0.00000104
     157     0.00000022
     158     0.00000058
     159     0.00000156
     160     0.00000273
     161     0.00000385
     162     0.00000472
     163     0.00000519
     164     0.00000527
     165     0.00000503
     166     0.00000458
     167     0.00000394
     168     0.00000319
     169     0.00000243
     170     0.00000180
     171     0.00000139
     172     0.00000137
     173     0.00000203
     174     0.00000377
     175     0.00000699
     176     0.00001209
     177     0.00001947
     178     0.00002936
     179     0.00004147
     180     0.00005446
     181     0.00006573
     182     0.00007271
     183     0.00007466
     184     0.00007294
     185     0.00006993
     186     0.00006701
     187     0.00006381
     188     0.00005932
     189     0.00005328
     190     0.00004633
     191     0.00003990
     192     0.00003685
     193     0.00004289
     194     0.00006628
     195     0.00011435
     196     0.00019031
     197     0.00029249
     198     0.00041418
     199     0.00054450
     200     0.00067067
     201     0.00078095
     202     0.00086787
     203     0.00093147
     204     0.00098168
     205     0.00104041
     206     0.00114663
     207     0.00137285
     208     0.00186874
     209     0.00296298
     210     0.00536736
     211     0.01043900
     212     0.01991869
     213     0.03383969
     214     0.04826419
     215     0.05850060
     216     0.06354251
     217     0.06481521
     218     0.06381663
     219     0.06158732
     220     0.05882840
     221     0.05594169
     222     0.05327003
     223     0.07688226
     224     0.06550853
     225     0.05799782
     226     0.04969202
     227     0.03868615
     228     0.02627827
     229     0.01500678
     230     0.00701726
     231     0.00277926
     232     0.00119720
     233     0.00077036
     234     0.00055578
     235     0.00030926
     236     0.00011016
     237     0.00002007
     238     0.00000501
     239     0.00000880
     240     0.00000757
     241     0.00000336
     242     0.00000194
     243     0.00000412
     244     0.00000737
     245     0.00001108
     246     0.00001689
     247     0.00002449
     248     0.00003194
     249     0.00003547
     250     0.00002970
     251     0.00001740
     252     0.00000817
     253     0.00000425
     254     0.00000303
     255     0.00000299
     256     0.00000348
     257     0.00000418
     258     0.00000487
     259     0.00000540
     260     0.00000563
     261     0.00000550
     262     0.00000495
     263     0.00000687
     264     0.00001903
     265     0.00001128
     266     0.00000091
     267     0.00000155
     268     0.00000353
     269     0.00000864
     270     0.00001725
     271     0.00002535
     272     0.00002674
     273     0.00002317
     274     0.00001918
     275     0.00001577
     276     0.00001289
     277     0.00001036
     278     0.00000804
     279     0.00000593
     280     0.00000410
     281     0.00000266
     282     0.00000166
     283     0.00000112
     284     0.00000102
     285     0.00000141
     286     0.00000263
     287     0.00000521
     288     0.00000967
     289     0.00001653
     290     0.00002633
     291     0.00003961
     292     0.00005650
     293     0.00007640
     294     0.00009761
     295     0.00011744
     296     0.00013245
     297     0.00013904
     298     0.00013397
     299     0.00011579
     300     0.00008999
     301     0.00009235
     302     0.00029531
     303     0.00157511
     304     0.00931670
     305     0.06037410
     306     0.06523598
     307     0.03259339
     308     0.02294321
     309     0.01836151
     310     0.01533755
     311     0.01269551
     312     0.01001998
     313     0.00725846
     314     0.00458834
     315     0.00232407
     316     0.00079366
     317     0.00019143
     318     0.00047478
     319     0.00136884
     320     0.00248254
     321     0.00346253
     322     0.00409544
     323     0.00433007
     324     0.00425742
     325     0.00396862
     326     0.00364908
     327     0.00352322
     328     0.00367937
     329     0.00413859
     330     0.00479791
     331     0.00543965
     332     0.00581670
     333     0.00576548
     334     0.00527169
     335     0.00445689
     336     0.00350813
     337     0.00259750
     338     0.00183160
     339     0.00124605
     340     0.00083054
     341     0.00056058
     342     0.00043010
     343     0.00056078
     344     0.00224654
     345     0.02607434
     346     0.01214541
     347     0.00605127
     348     0.01080637
     349     0.00983355
     350     0.00723865
     351     0.00481222
     352     0.00326966
     353     0.00263334
     354     0.00249605
     355     0.00237016
     356     0.00198726
     357     0.00138390
     358     0.00077260
     359     0.00034001
     360     0.00013012
     361     0.00006575
     362     0.00004801
     363     0.00003130
     364     0.00001770
     365     0.00001302
     366     0.00001140
     367     0.00000732
     368     0.00000232
     369     0.00000009
     370     0.00000106
     371     0.00000254
     372     0.00000245
     373     0.00000152
     374     0.00000148
     375     0.00000279
     376     0.00000476
     377     0.00000701
     378     0.00000994
     379     0.00001407
     380     0.00001914
     381     0.00002420
     382     0.00002843
     383     0.00003131
     384     0.00003172
     385     0.00002802
     386     0.00002031
     387     0.00001158
     388     0.00000542
     389     0.00000404
     390     0.00000732
     391     0.00001319
     392     0.00001879
     393     0.00002188
     394     0.00002168
     395     0.00001894
     396     0.00001541
     397     0.00001356
     398     0.00001597
     399     0.00002369
     400     0.00003391
     401     0.00004147
     402     0.00004493
     403     0.00004681
     404     0.00004816
     405     0.00004829
     406     0.00004647
     407     0.00004268
     408     0.00003792
     409     0.00003378
     410     0.00003183
     411     0.00003331
     412     0.00003944
     413     0.00005203
     414     0.00007394
     415     0.00010888
     416     0.00015981
     417     0.00022602
     418     0.00030070
     419     0.00037159
     420     0.00042424
     421     0.00044465
     422     0.00042264
     423     0.00035989
     424     0.00028564
     425     0.00028757
     426     0.00056741
     427     0.00151461
     428     0.00371974
     429     0.00771833
     430     0.05453968
     431     0.07978229
     432     0.08210172
     433     0.07339074
     434     0.06290834
     435     0.05291052
     436     0.04324809
     437     0.03378192
     438     0.02496733
     439     0.01753373
     440     0.01199191
     441     0.00840151
     442     0.00641527
     443     0.00545153
     444     0.00489484
     445     0.00427699
     446     0.00339703
     447     0.00233254
     448     0.00132508
     449     0.00059529
     450     0.00020804
     451     0.00007466
     452     0.00005640
     453     0.00005679
     454     0.00004380
     455     0.00002418
     456     0.00000998
     457     0.00000354
     458     0.00000127
     459     0.00000043
     460     0.00000021
     461     0.00000035
     462     0.00000055
     463     0.00000069
     464     0.00000083
     465     0.00000105
     466     0.00000138
     467     0.00000192
     468     0.00000274
     469     0.00000390
     470     0.00000538
     471     0.00000706
     472     0.00000880
     473     0.00001043
     474     0.00001186
     475     0.00001294
     476     0.00001344
     477     0.00001315
     478     0.00001213
     479     0.00001079
     480     0.00000946
     481     0.00000802
     482     0.00000624
     483     0.00000433
     484     0.00000297
     485     0.00000190
     486     0.00000105
     487     0.00000065
     488     0.00000042
     489     0.00000169
     490     0.00000267
     491     0.00000139
     492     0.00000178
     493     0.00000156
     494     0.00000127
     495     0.00000083
     496     0.00000044
     497     0.00000020
     498     0.00000024
     499     0.00000062
     500     0.00000129
     501     0.00000215
     502     0.00000301
     503     0.00000366
     504     0.00000393
     505     0.00000380
     506     0.00000336
     507     0.00000276
     508     0.00000218
     509     0.00000174
     510     0.00000160
     511     0.00000183
     512     0.00000230
     513     0.00000231
     514     0.00000158
     515     0.00000080
     516     0.00000045
     517     0.00000034
     518     0.00000033
     519     0.00000033
     520     0.00000030
     521     0.00000028
     522     0.00000027
     523     0.00000031
     524     0.00000036
     525     0.00000039
     526     0.00000041
     527     0.00000043
     528     0.00000045
     529     0.00000042
     530     0.00000029
     531     0.00000012
     532     0.00000005
     533     0.00000014
     534     0.00000031
     535     0.00000047
     536     0.00000054
     537     0.00000053
     538     0.00000049
     539     0.00000051
     540     0.00000068
     541     0.00000090
     542     0.00000095
     543     0.00000081
     544     0.00000058
     545     0.00000040
     546     0.00000045
     547     0.00000088
     548     0.00000173
     549     0.00000280
     550     0.00000377
     551     0.00000430
     552     0.00000421
     553     0.00000357
     554     0.00000264
     555     0.00000177
     556     0.00000118
     557     0.00000095
     558     0.00000103
     559     0.00000127
     560     0.00000155
     561     0.00000178
     562     0.00000193
     563     0.00000199
     564     0.00000194
     565     0.00000177
     566     0.00000152
     567     0.00000128
     568     0.00000121
     569     0.00000079
     570     0.00000023
     571     0.00000007
     572     0.00000012
     573     0.00000022
     574     0.00000032
     575     0.00000040
     576     0.00000044
     577     0.00000045
     578     0.00000042
     579     0.00000038
     580     0.00000034
     581     0.00000031
     582     0.00000028
     583     0.00000025
     584     0.00000023
     585     0.00000020
     586     0.00000017
     587     0.00000013
     588     0.00000011
     589     0.00000008
     590     0.00000006
     591     0.00000006
     592     0.00000008
     593     0.00000011
     594     0.00000017
     595     0.00000026
     596     0.00000039
     597     0.00000056
     598     0.00000069
     599     0.00000069
     600     0.00000057