#    Density matrix based averaged BO population
       0     0.00000000     1.00000000
       1     0.00001267     0.99998733
       2     0.00000553     0.99999447
       3     0.00001238     0.99998762
       4     0.00001583     0.99998417
       5     0.00002002     0.99997998
       6     0.00002801     0.99997199
       7     0.00003544     0.99996456
       8     0.00004551     0.99995449
       9     0.00005688     0.99994312
      10     0.00006963     0.99993037
      11     0.00008540     0.99991460
      12     0.00010453     0.99989547
      13     0.00012688     0.99987312
      14     0.00014960     0.99985040
      15     0.00016647     0.99983353
      16     0.00017031     0.99982969
      17     0.00015679     0.99984321
      18     0.00012705     0.99987295
      19     0.00008768     0.99991232
      20     0.00004923     0.99995077
      21     0.00002292     0.99997708
      22     0.00001620     0.99998380
      23     0.00002889     0.99997111
      24     0.00005221     0.99994779
      25     0.00007260     0.99992740
      26     0.00008116     0.99991884
      27     0.00008050     0.99991950
      28     0.00007834     0.99992166
      29     0.00007722     0.99992278
      30     0.00007533     0.99992467
      31     0.00007278     0.99992722
      32     0.00007098     0.99992902
      33     0.00006901     0.99993099
      34     0.00006459     0.99993541
      35     0.00005746     0.99994254
      36     0.00004887     0.99995113
      37     0.00003944     0.99996056
      38     0.00002995     0.99997005
      39     0.00002137     0.99997863
      40     0.00001410     0.99998590
      41     0.00000835     0.99999165
      42     0.00000427     0.99999573
      43     0.00000194     0.99999806
      44     0.00000123     0.99999877
      45     0.00000176     0.99999824
      46     0.00000307     0.99999693
      47     0.00000474     0.99999526
      48     0.00000652     0.99999348
      49     0.00000823     0.99999177
      50     0.00000973     0.99999027
      51     0.00001091     0.99998909
      52     0.00001163     0.99998837
      53     0.00001184     0.99998816
      54     0.00001152     0.99998848
      55     0.00001085     0.99998915
      56     0.00001016     0.99998984
      57     0.00000991     0.99999009
      58     0.00001057     0.99998943
      59     0.00001256     0.99998744
      60     0.00001622     0.99998378
      61     0.00002155     0.99997845
      62     0.00002800     0.99997200
      63     0.00003452     0.99996548
      64     0.00003988     0.99996012
      65     0.00004294     0.99995706
      66     0.00004265     0.99995735
      67     0.00003857     0.99996143
      68     0.00003150     0.99996850
      69     0.00002377     0.99997623
      70     0.00001829     0.99998171
      71     0.00001682     0.99998318
      72     0.00001895     0.99998105
      73     0.00002264     0.99997736
      74     0.00002590     0.99997410
      75     0.00002769     0.99997231
      76     0.00002762     0.99997238
      77     0.00002529     0.99997471
      78     0.00002039     0.99997961
      79     0.00001361     0.99998639
      80     0.00000751     0.99999249
      81     0.00000598     0.99999402
      82     0.00001175     0.99998825
      83     0.00002455     0.99997545
      84     0.00004149     0.99995851
      85     0.00005832     0.99994168
      86     0.00007028     0.99992972
      87     0.00007299     0.99992701
      88     0.00006512     0.99993488
      89     0.00005411     0.99994589
      90     0.00006601     0.99993399
      91     0.00016015     0.99983985
      92     0.00045089     0.99954911
      93     0.00113839     0.99886161
      94     0.00254574     0.99745426
      95     0.00514877     0.99485123
      96     0.00958105     0.99041895
      97     0.01661174     0.98338826
      98     0.02710646     0.97289354
      99     0.04190488     0.95809512
     100     0.08754762     0.91245238
     101     0.14544089     0.85455911
     102     0.20081803     0.79918197
     103     0.23439000     0.76561000
     104     0.25558965     0.74441035
     105     0.27188720     0.72811280
     106     0.28675149     0.71324851
     107     0.30097100     0.69902900
     108     0.31364789     0.68635211
     109     0.32326264     0.67673736
     110     0.32894638     0.67105362
     111     0.33127938     0.66872062
     112     0.33188789     0.66811211
     113     0.33221161     0.66778839
     114     0.33271080     0.66728920
     115     0.33315157     0.66684843
     116     0.33332658     0.66667342
     117     0.33332592     0.66667408
     118     0.33331092     0.66668908
     119     0.33332156     0.66667844
     120     0.33333134     0.66666866
     121     0.33333298     0.66666702
     122     0.33333349     0.66666651
     123     0.33333444     0.66666556
     124     0.33333518     0.66666482
     125     0.33333626     0.66666374
     126     0.33333795     0.66666205
     127     0.33334003     0.66665997
     128     0.33334227     0.66665773
     129     0.33334451     0.66665549
     130     0.33334677     0.66665323
     131     0.33334922     0.66665078
     132     0.33335205     0.66664795
     133     0.33335536     0.66664464
     134     0.33335886     0.66664114
     135     0.33336157     0.66663843
     136     0.33336170     0.66663830
     137     0.33335761     0.66664239
     138     0.33334985     0.66665015
     139     0.33334148     0.66665852
     140     0.33333579     0.66666421
     141     0.33333485     0.66666515
     142     0.33333924     0.66666076
     143     0.33334761     0.66665239
     144     0.33335689     0.66664311
     145     0.33336417     0.66663583
     146     0.33336807     0.66663193
     147     0.33336860     0.66663140
     148     0.33336652     0.66663348
     149     0.33336285     0.66663715
     150     0.33335855     0.66664145
     151     0.33335406     0.66664594
     152     0.33334954     0.66665046
     153     0.33334499     0.66665501
     154     0.33334053     0.66665947
     155     0.33333668     0.66666332
     156     0.33333424     0.66666576
     157     0.33333344     0.66666656
     158     0.33333382     0.66666618
     159     0.33333480     0.66666520
     160     0.33333599     0.66666401
     161     0.33333710     0.66666290
     162     0.33333797     0.66666203
     163     0.33333845     0.66666155
     164     0.33333852     0.66666148
     165     0.33333828     0.66666172
     166     0.33333782     0.66666218
     167     0.33333720     0.66666280
     168     0.33333645     0.66666355
     169     0.33333572     0.66666428
     170     0.33333511     0.66666489
     171     0.33333472     0.66666528
     172     0.33333470     0.66666530
     173     0.33333534     0.66666466
     174     0.33333700     0.66666300
     175     0.33334002     0.66665998
     176     0.33334473     0.66665527
     177     0.33335134     0.66664866
     178     0.33335983     0.66664017
     179     0.33336967     0.66663033
     180     0.33337990     0.66662010
     181     0.33338945     0.66661055
     182     0.33339697     0.66660303
     183     0.33340099     0.66659901
     184     0.33340153     0.66659847
     185     0.33340026     0.66659974
     186     0.33339853     0.66660147
     187     0.33339604     0.66660396
     188     0.33339196     0.66660804
     189     0.33338613     0.66661387
     190     0.33337927     0.66662073
     191     0.33337286     0.66662714
     192     0.33336980     0.66663020
     193     0.33337580     0.66662420
     194     0.33339917     0.66660083
     195     0.33344726     0.66655274
     196     0.33352331     0.66647669
     197     0.33362567     0.66637433
     198     0.33374764     0.66625236
     199     0.33387832     0.66612168
     200     0.33400490     0.66599510
     201     0.33411551     0.66588449
     202     0.33420262     0.66579738
     203     0.33426621     0.66573379
     204     0.33431624     0.66568376
     205     0.33437469     0.66562531
     206     0.33448081     0.66551919
     207     0.33470771     0.66529229
     208     0.33520721     0.66479279
     209     0.33631620     0.66368380
     210     0.33878160     0.66121840
     211     0.34411188     0.65588812
     212     0.35459998     0.64540002
     213     0.37154606     0.62845394
     214     0.39187242     0.60812758
     215     0.40901264     0.59098736
     216     0.41877535     0.58122465
     217     0.42143256     0.57856744
     218     0.41934210     0.58065790
     219     0.41485773     0.58514227
     220     0.40961430     0.59038570
     221     0.40443489     0.59556511
     222     0.39987972     0.60012028
     223     0.45359689     0.54640311
     224     0.57709161     0.42290839
     225     0.59190515     0.40809485
     226     0.60590098     0.39409902
     227     0.62199800     0.37800200
     228     0.63791085     0.36208915
     229     0.65091905     0.34908095
     230     0.65949842     0.34050158
     231     0.66386705     0.33613295
     232     0.66546821     0.33453179
     233     0.66589738     0.33410262
     234     0.66611248     0.33388752
     235     0.66635917     0.33364083
     236     0.66655801     0.33344199
     237     0.66664760     0.33335240
     238     0.66666219     0.33333781
     239     0.66665805     0.33334195
     240     0.66665914     0.33334086
     241     0.66666345     0.33333655
     242     0.66666516     0.33333484
     243     0.66666338     0.33333662
     244     0.66666053     0.33333947
     245     0.66665706     0.33334294
     246     0.66665125     0.33334875
     247     0.66664336     0.33335664
     248     0.66663551     0.33336449
     249     0.66663162     0.33336838
     250     0.66663723     0.33336277
     251     0.66664954     0.33335046
     252     0.66665899     0.33334101
     253     0.66666341     0.33333659
     254     0.66666558     0.33333442
     255     0.66666705     0.33333295
     256     0.66666837     0.33333163
     257     0.66666963     0.33333037
     258     0.66667074     0.33332926
     259     0.66667158     0.33332842
     260     0.66667204     0.33332796
     261     0.66667205     0.33332795
     262     0.66667158     0.33332842
     263     0.66666780     0.33333220
     264     0.66665314     0.33334686
     265     0.66665822     0.33334178
     266     0.66666659     0.33333341
     267     0.66666530     0.33333470
     268     0.66666419     0.33333581
     269     0.66666112     0.33333888
     270     0.66665528     0.33334472
     271     0.66665034     0.33334966
     272     0.66665210     0.33334790
     273     0.66665843     0.33334157
     274     0.66666433     0.33333567
     275     0.66666851     0.33333149
     276     0.66667093     0.33332907
     277     0.66667191     0.33332809
     278     0.66667184     0.33332816
     279     0.66667110     0.33332890
     280     0.66667002     0.33332998
     281     0.66666893     0.33333107
     282     0.66666802     0.33333198
     283     0.66666742     0.33333258
     284     0.66666719     0.33333281
     285     0.66666750     0.33333250
     286     0.66666877     0.33333123
     287     0.66667152     0.33332848
     288     0.66667617     0.33332383
     289     0.66668307     0.33331693
     290     0.66669259     0.33330741
     291     0.66670517     0.33329483
     292     0.66672095     0.33327905
     293     0.66673941     0.33326059
     294     0.66675907     0.33324093
     295     0.66677752     0.33322248
     296     0.66679185     0.33320815
     297     0.66679884     0.33320116
     298     0.66679515     0.33320485
     299     0.66677880     0.33322120
     300     0.66675474     0.33324526
     301     0.66675835     0.33324165
     302     0.66696208     0.33303792
     303     0.66824887     0.33175113
     304     0.67625794     0.32374206
     305     0.74584697     0.25415303
     306     0.75565666     0.24434334
     307     0.70327481     0.29672519
     308     0.69144497     0.30855503
     309     0.68616112     0.31383888
     310     0.68277599     0.31722401
     311     0.67988010     0.32011990
     312     0.67700234     0.32299766
     313     0.67408651     0.32591349
     314     0.67131690     0.32868310
     315     0.66900465     0.33099535
     316     0.66745988     0.33254012
     317     0.66685563     0.33314437
     318     0.66713878     0.33286122
     319     0.66803638     0.33196362
     320     0.66916076     0.33083924
     321     0.67015471     0.32984529
     322     0.67079533     0.32920467
     323     0.67101969     0.32898031
     324     0.67088391     0.32911609
     325     0.67060213     0.32939787
     326     0.67034783     0.32965217
     327     0.67022768     0.32977232
     328     0.67038731     0.32961269
     329     0.67085758     0.32914242
     330     0.67153542     0.32846458
     331     0.67219789     0.32780211
     332     0.67258841     0.32741159
     333     0.67253528     0.32746472
     334     0.67202415     0.32797585
     335     0.67118439     0.32881561
     336     0.67021232     0.32978768
     337     0.66928470     0.33071530
     338     0.66850831     0.33149169
     339     0.66791717     0.33208283
     340     0.66749903     0.33250097
     341     0.66722802     0.33277198
     342     0.66709725     0.33290275
     343     0.66722838     0.33277162
     344     0.66892849     0.33107151
     345     0.69517940     0.30482060
     346     0.67928726     0.32071274
     347     0.67282555     0.32717445
     348     0.67784192     0.32215808
     349     0.67680625     0.32319375
     350     0.67406906     0.32593094
     351     0.67155037     0.32844963
     352     0.66996873     0.33003127
     353     0.66932001     0.33067999
     354     0.66917948     0.33082052
     355     0.66905074     0.33094926
     356     0.66866207     0.33133793
     357     0.66805225     0.33194775
     358     0.66743709     0.33256291
     359     0.66700351     0.33299649
     360     0.66679406     0.33320594
     361     0.66673046     0.33326954
     362     0.66671341     0.33328659
     363     0.66669716     0.33330284
     364     0.66668380     0.33331620
     365     0.66667924     0.33332076
     366     0.66667769     0.33332231
     367     0.66667368     0.33332632
     368     0.66666875     0.33333125
     369     0.66666661     0.33333339
     370     0.66666764     0.33333236
     371     0.66666916     0.33333084
     372     0.66666910     0.33333090
     373     0.66666817     0.33333183
     374     0.66666813     0.33333187
     375     0.66666941     0.33333059
     376     0.66667128     0.33332872
     377     0.66667331     0.33332669
     378     0.66667577     0.33332423
     379     0.66667905     0.33332095
     380     0.66668285     0.33331715
     381     0.66668615     0.33331385
     382     0.66668785     0.33331215
     383     0.66668712     0.33331288
     384     0.66668390     0.33331610
     385     0.66667918     0.33332082
     386     0.66667416     0.33332584
     387     0.66666977     0.33333023
     388     0.66666754     0.33333246
     389     0.66666883     0.33333117
     390     0.66667350     0.33332650
     391     0.66667966     0.33332034
     392     0.66668460     0.33331540
     393     0.66668614     0.33331386
     394     0.66668351     0.33331649
     395     0.66667740     0.33332260
     396     0.66666954     0.33333046
     397     0.66666219     0.33333781
     398     0.66665764     0.33334236
     399     0.66665747     0.33334253
     400     0.66666278     0.33333722
     401     0.66667385     0.33332615
     402     0.66668764     0.33331236
     403     0.66669943     0.33330057
     404     0.66670739     0.33329261
     405     0.66671148     0.33328852
     406     0.66671182     0.33328818
     407     0.66670900     0.33329100
     408     0.66670450     0.33329550
     409     0.66670020     0.33329980
     410     0.66669784     0.33330216
     411     0.66669871     0.33330129
     412     0.66670401     0.33329599
     413     0.66671545     0.33328455
     414     0.66673568     0.33326432
     415     0.66676814     0.33323186
     416     0.66681567     0.33318433
     417     0.66687812     0.33312188
     418     0.66695035     0.33304965
     419     0.66702171     0.33297829
     420     0.66707741     0.33292259
     421     0.66710177     0.33289823
     422     0.66708332     0.33291668
     423     0.66702326     0.33297674
     424     0.66695085     0.33304915
     425     0.66695396     0.33304604
     426     0.66723496     0.33276504
     427     0.66818786     0.33181214
     428     0.67042752     0.32957248
     429     0.67456943     0.32543057
     430     0.73535723     0.26464277
     431     0.79890378     0.20109622
     432     0.85363878     0.14636122
     433     0.89091741     0.10908259
     434     0.91585562     0.08414438
     435     0.93404223     0.06595777
     436     0.94893055     0.05106945
     437     0.96185457     0.03814543
     438     0.97281669     0.02718331
     439     0.98143231     0.01856769
     440     0.98754264     0.01245736
     441     0.99137536     0.00862464
     442     0.99345627     0.00654373
     443     0.99445627     0.00554373
     444     0.99503111     0.00496889
     445     0.99566671     0.00433329
     446     0.99656769     0.00343231
     447     0.99765098     0.00234902
     448     0.99866969     0.00133031
     449     0.99940370     0.00059630
     450     0.99979186     0.00020814
     451     0.99992533     0.00007467
     452     0.99994360     0.00005640
     453     0.99994320     0.00005680
     454     0.99995619     0.00004381
     455     0.99997582     0.00002418
     456     0.99999002     0.00000998
     457     0.99999646     0.00000354
     458     0.99999873     0.00000127
     459     0.99999957     0.00000043
     460     0.99999979     0.00000021
     461     0.99999965     0.00000035
     462     0.99999945     0.00000055
     463     0.99999931     0.00000069
     464     0.99999917     0.00000083
     465     0.99999895     0.00000105
     466     0.99999862     0.00000138
     467     0.99999808     0.00000192
     468     0.99999726     0.00000274
     469     0.99999610     0.00000390
     470     0.99999462     0.00000538
     471     0.99999294     0.00000706
     472     0.99999120     0.00000880
     473     0.99998957     0.00001043
     474     0.99998814     0.00001186
     475     0.99998706     0.00001294
     476     0.99998656     0.00001344
     477     0.99998685     0.00001315
     478     0.99998787     0.00001213
     479     0.99998921     0.00001079
     480     0.99999054     0.00000946
     481     0.99999198     0.00000802
     482     0.99999376     0.00000624
     483     0.99999567     0.00000433
     484     0.99999703     0.00000297
     485     0.99999810     0.00000190
     486     0.99999895     0.00000105
     487     0.99999935     0.00000065
     488     0.99999958     0.00000042
     489     0.99999831     0.00000169
     490     0.99999733     0.00000267
     491     0.99999861     0.00000139
     492     0.99999822     0.00000178
     493     0.99999844     0.00000156
     494     0.99999873     0.00000127
     495     0.99999917     0.00000083
     496     0.99999956     0.00000044
     497     0.99999980     0.00000020
     498     0.99999976     0.00000024
     499     0.99999938     0.00000062
     500     0.99999871     0.00000129
     501     0.99999785     0.00000215
     502     0.99999699     0.00000301
     503     0.99999634     0.00000366
     504     0.99999607     0.00000393
     505     0.99999620     0.00000380
     506     0.99999664     0.00000336
     507     0.99999724     0.00000276
     508     0.99999782     0.00000218
     509     0.99999826     0.00000174
     510     0.99999840     0.00000160
     511     0.99999817     0.00000183
     512     0.99999770     0.00000230
     513     0.99999769     0.00000231
     514     0.99999842     0.00000158
     515     0.99999920     0.00000080
     516     0.99999955     0.00000045
     517     0.99999966     0.00000034
     518     0.99999967     0.00000033
     519     0.99999967     0.00000033
     520     0.99999970     0.00000030
     521     0.99999972     0.00000028
     522     0.99999973     0.00000027
     523     0.99999969     0.00000031
     524     0.99999964     0.00000036
     525     0.99999961     0.00000039
     526     0.99999959     0.00000041
     527     0.99999957     0.00000043
     528     0.99999955     0.00000045
     529     0.99999958     0.00000042
     530     0.99999971     0.00000029
     531     0.99999988     0.00000012
     532     0.99999995     0.00000005
     533     0.99999986     0.00000014
     534     0.99999969     0.00000031
     535     0.99999953     0.00000047
     536     0.99999946     0.00000054
     537     0.99999947     0.00000053
     538     0.99999951     0.00000049
     539     0.99999949     0.00000051
     540     0.99999932     0.00000068
     541     0.99999910     0.00000090
     542     0.99999905     0.00000095
     543     0.99999919     0.00000081
     544     0.99999942     0.00000058
     545     0.99999960     0.00000040
     546     0.99999955     0.00000045
     547     0.99999912     0.00000088
     548     0.99999827     0.00000173
     549     0.99999720     0.00000280
     550     0.99999623     0.00000377
     551     0.99999570     0.00000430
     552     0.99999579     0.00000421
     553     0.99999643     0.00000357
     554     0.99999736     0.00000264
     555     0.99999823     0.00000177
     556     0.99999882     0.00000118
     557     0.99999905     0.00000095
     558     0.99999897     0.00000103
     559     0.99999873     0.00000127
     560     0.99999845     0.00000155
     561     0.99999822     0.00000178
     562     0.99999807     0.00000193
     563     0.99999801     0.00000199
     564     0.99999806     0.00000194
     565     0.99999823     0.00000177
     566     0.99999848     0.00000152
     567     0.99999872     0.00000128
     568     0.99999879     0.00000121
     569     0.99999921     0.00000079
     570     0.99999977     0.00000023
     571     0.99999993     0.00000007
     572     0.99999988     0.00000012
     573     0.99999978     0.00000022
     574     0.99999968     0.00000032
     575     0.99999960     0.00000040
     576     0.99999956     0.00000044
     577     0.99999955     0.00000045
     578     0.99999958     0.00000042
     579     0.99999962     0.00000038
     580     0.99999966     0.00000034
     581     0.99999969     0.00000031
     582     0.99999972     0.00000028
     583     0.99999975     0.00000025
     584     0.99999977     0.00000023
     585     0.99999980     0.00000020
     586     0.99999983     0.00000017
     587     0.99999987     0.00000013
     588     0.99999989     0.00000011
     589     0.99999992     0.00000008
     590     0.99999994     0.00000006
     591     0.99999994     0.00000006
     592     0.99999992     0.00000008
     593     0.99999989     0.00000011
     594     0.99999983     0.00000017
     595     0.99999974     0.00000026
     596     0.99999961     0.00000039
     597     0.99999944     0.00000056
     598     0.99999931     0.00000069
     599     0.99999931     0.00000069
     600     0.99999943     0.00000057