#    Averaged Non-Adiabatic Coupling Matrix Eliments: off-diagonal
       0     0.00033051
       1     0.00032962
       2     0.00031679
       3     0.00036196
       4     0.00051819
       5     0.00067383
       6     0.00082601
       7     0.00096909
       8     0.00109280
       9     0.00118511
      10     0.00123957
      11     0.00125943
      12     0.00125315
      13     0.00122745
      14     0.00118411
      15     0.00112049
      16     0.00103195
      17     0.00091518
      18     0.00077073
      19     0.00060383
      20     0.00042411
      21     0.00024353
      22     0.00019509
      23     0.00033651
      24     0.00044488
      25     0.00051900
      26     0.00056141
      27     0.00057674
      28     0.00057140
      29     0.00063700
      30     0.00069605
      31     0.00074777
      32     0.00079044
      33     0.00082142
      34     0.00083758
      35     0.00083537
      36     0.00081155
      37     0.00076390
      38     0.00069211
      39     0.00059842
      40     0.00048718
      41     0.00036434
      42     0.00023628
      43     0.00013247
      44     0.00013589
      45     0.00018001
      46     0.00021925
      47     0.00028066
      48     0.00033311
      49     0.00036631
      50     0.00038209
      51     0.00038329
      52     0.00037325
      53     0.00035548
      54     0.00033353
      55     0.00031097
      56     0.00029131
      57     0.00027790
      58     0.00027352
      59     0.00027970
      60     0.00029590
      61     0.00031914
      62     0.00034399
      63     0.00036370
      64     0.00037187
      65     0.00036369
      66     0.00035608
      67     0.00036595
      68     0.00036487
      69     0.00035308
      70     0.00033171
      71     0.00031986
      72     0.00036031
      73     0.00038431
      74     0.00039032
      75     0.00037728
      76     0.00034413
      77     0.00029054
      78     0.00021747
      79     0.00012799
      80     0.00003456
      81     0.00007648
      82     0.00017536
      83     0.00026065
      84     0.00032475
      85     0.00036227
      86     0.00036996
      87     0.00034601
      88     0.00029004
      89     0.00026172
      90     0.00032321
      91     0.00040386
      92     0.00050794
      93     0.00063821
      94     0.00079397
      95     0.00097109
      96     0.00116465
      97     0.00139392
      98     0.00164558
      99     0.00190144
     100     0.00212419
     101     0.00329193
     102     0.00211320
     103     0.00124130
     104     0.00073348
     105     0.00044155
     106     0.00054045
     107     0.00068676
     108     0.00077385
     109     0.00081472
     110     0.00081753
     111     0.00078845
     112     0.00073301
     113     0.00065695
     114     0.00065435
     115     0.00067298
     116     0.00067683
     117     0.00066529
     118     0.00063902
     119     0.00059992
     120     0.00055071
     121     0.00057409
     122     0.00060054
     123     0.00061983
     124     0.00063213
     125     0.00063766
     126     0.00063648
     127     0.00062937
     128     0.00061715
     129     0.00060098
     130     0.00058208
     131     0.00056107
     132     0.00053729
     133     0.00050862
     134     0.00047269
     135     0.00042710
     136     0.00036953
     137     0.00029738
     138     0.00022708
     139     0.00019701
     140     0.00014323
     141     0.00016331
     142     0.00025531
     143     0.00036016
     144     0.00044307
     145     0.00049967
     146     0.00052956
     147     0.00053574
     148     0.00052217
     149     0.00049307
     150     0.00048980
     151     0.00047260
     152     0.00043344
     153     0.00037363
     154     0.00029761
     155     0.00021258
     156     0.00013496
     157     0.00007393
     158     0.00013198
     159     0.00017716
     160     0.00020649
     161     0.00022060
     162     0.00022066
     163     0.00022563
     164     0.00023072
     165     0.00022808
     166     0.00021780
     167     0.00020063
     168     0.00017807
     169     0.00015223
     170     0.00012538
     171     0.00009892
     172     0.00009069
     173     0.00012962
     174     0.00020511
     175     0.00029853
     176     0.00040978
     177     0.00053780
     178     0.00067798
     179     0.00081466
     180     0.00091351
     181     0.00093992
     182     0.00089354
     183     0.00080037
     184     0.00068256
     185     0.00055263
     186     0.00041771
     187     0.00039842
     188     0.00041673
     189     0.00042160
     190     0.00040917
     191     0.00037761
     192     0.00037630
     193     0.00044877
     194     0.00050595
     195     0.00054537
     196     0.00056597
     197     0.00056864
     198     0.00055603
     199     0.00053287
     200     0.00050469
     201     0.00047730
     202     0.00045818
     203     0.00048142
     204     0.00050336
     205     0.00053238
     206     0.00057956
     207     0.00065936
     208     0.00079028
     209     0.00099534
     210     0.00129835
     211     0.00170161
     212     0.00212423
     213     0.00234871
     214     0.00219097
     215     0.00176070
     216     0.00129390
     217     0.00090702
     218     0.00068979
     219     0.00054512
     220     0.00037588
     221     0.00044516
     222     0.00269712
     223     0.02050796
     224     0.00176569
     225     0.00035677
     226     0.00055347
     227     0.00065708
     228     0.00069493
     229     0.00070454
     230     0.00069868
     231     0.00068507
     232     0.00066791
     233     0.00064935
     234     0.00062938
     235     0.00060506
     236     0.00057074
     237     0.00052078
     238     0.00045444
     239     0.00037876
     240     0.00030642
     241     0.00027120
     242     0.00025409
     243     0.00025819
     244     0.00028470
     245     0.00033416
     246     0.00045399
     247     0.00060896
     248     0.00076687
     249     0.00087598
     250     0.00084979
     251     0.00070090
     252     0.00054941
     253     0.00044971
     254     0.00039353
     255     0.00036115
     256     0.00033811
     257     0.00031739
     258     0.00029596
     259     0.00027231
     260     0.00024483
     261     0.00020817
     262     0.00018412
     263     0.00063474
     264     0.00105140
     265     0.00029349
     266     0.00021947
     267     0.00025244
     268     0.00039852
     269     0.00058346
     270     0.00075898
     271     0.00081438
     272     0.00074170
     273     0.00062597
     274     0.00051933
     275     0.00045156
     276     0.00039351
     277     0.00034048
     278     0.00028895
     279     0.00023728
     280     0.00018575
     281     0.00013645
     282     0.00011817
     283     0.00011657
     284     0.00012159
     285     0.00013226
     286     0.00014610
     287     0.00015951
     288     0.00016910
     289     0.00020505
     290     0.00026890
     291     0.00032691
     292     0.00036876
     293     0.00038368
     294     0.00043705
     295     0.00049368
     296     0.00051423
     297     0.00048884
     298     0.00041946
     299     0.00030938
     300     0.00016687
     301     0.00025582
     302     0.00047086
     303     0.00104694
     304     0.00264308
     305     0.00699352
     306     0.00534451
     307     0.00132381
     308     0.00054953
     309     0.00021968
     310     0.00033447
     311     0.00044065
     312     0.00051697
     313     0.00058027
     314     0.00064115
     315     0.00070373
     316     0.00076916
     317     0.00083449
     318     0.00089529
     319     0.00094929
     320     0.00100211
     321     0.00107107
     322     0.00119211
     323     0.00145312
     324     0.00217002
     325     0.00168034
     326     0.00093652
     327     0.00095845
     328     0.00104000
     329     0.00106968
     330     0.00105921
     331     0.00101309
     332     0.00094193
     333     0.00085945
     334     0.00077307
     335     0.00066207
     336     0.00052739
     337     0.00043390
     338     0.00042344
     339     0.00038677
     340     0.00032282
     341     0.00022110
     342     0.00005515
     343     0.00030291
     344     0.00128725
     345     0.00615460
     346     0.00950252
     347     0.00210960
     348     0.00063222
     349     0.00026530
     350     0.00031472
     351     0.00033192
     352     0.00042300
     353     0.00047287
     354     0.00049069
     355     0.00048296
     356     0.00045356
     357     0.00040630
     358     0.00035981
     359     0.00031559
     360     0.00026615
     361     0.00021595
     362     0.00016924
     363     0.00012961
     364     0.00013011
     365     0.00012738
     366     0.00012028
     367     0.00011727
     368     0.00011164
     369     0.00010094
     370     0.00008886
     371     0.00007914
     372     0.00007456
     373     0.00007775
     374     0.00009192
     375     0.00012081
     376     0.00016739
     377     0.00023371
     378     0.00032510
     379     0.00043045
     380     0.00053211
     381     0.00062020
     382     0.00069518
     383     0.00074423
     384     0.00073134
     385     0.00064059
     386     0.00050271
     387     0.00035539
     388     0.00021942
     389     0.00017089
     390     0.00014394
     391     0.00016436
     392     0.00022102
     393     0.00026152
     394     0.00029134
     395     0.00031941
     396     0.00037278
     397     0.00043501
     398     0.00055844
     399     0.00071126
     400     0.00080260
     401     0.00078107
     402     0.00068416
     403     0.00057425
     404     0.00047415
     405     0.00038492
     406     0.00030420
     407     0.00023051
     408     0.00019908
     409     0.00022554
     410     0.00025649
     411     0.00031267
     412     0.00037993
     413     0.00045780
     414     0.00054754
     415     0.00066128
     416     0.00078959
     417     0.00089173
     418     0.00093211
     419     0.00090072
     420     0.00081424
     421     0.00069048
     422     0.00053856
     423     0.00035944
     424     0.00016974
     425     0.00026055
     426     0.00042692
     427     0.00073005
     428     0.00108654
     429     0.00140055
     430     0.00158784
     431     0.00215193
     432     0.00171743
     433     0.00133496
     434     0.00107165
     435     0.00087690
     436     0.00069342
     437     0.00052896
     438     0.00049530
     439     0.00044751
     440     0.00039907
     441     0.00035145
     442     0.00030140
     443     0.00034131
     444     0.00041587
     445     0.00050175
     446     0.00059154
     447     0.00069165
     448     0.00080326
     449     0.00090370
     450     0.00093658
     451     0.00087216
     452     0.00074407
     453     0.00061235
     454     0.00048864
     455     0.00037616
     456     0.00027839
     457     0.00019641
     458     0.00013040
     459     0.00007974
     460     0.00007973
     461     0.00010598
     462     0.00012721
     463     0.00014371
     464     0.00015945
     465     0.00017806
     466     0.00020216
     467     0.00023339
     468     0.00027273
     469     0.00032045
     470     0.00037652
     471     0.00044076
     472     0.00051277
     473     0.00059103
     474     0.00066924
     475     0.00073337
     476     0.00078537
     477     0.00082428
     478     0.00081905
     479     0.00078175
     480     0.00072608
     481     0.00065214
     482     0.00056265
     483     0.00046879
     484     0.00046293
     485     0.00034109
     486     0.00024741
     487     0.00019498
     488     0.00016434
     489     0.00050256
     490     0.00035637
     491     0.00035329
     492     0.00033109
     493     0.00028777
     494     0.00025083
     495     0.00020589
     496     0.00015001
     497     0.00008984
     498     0.00010860
     499     0.00017067
     500     0.00023758
     501     0.00029810
     502     0.00034958
     503     0.00038729
     504     0.00040669
     505     0.00040553
     506     0.00038594
     507     0.00035213
     508     0.00030745
     509     0.00029558
     510     0.00033158
     511     0.00037818
     512     0.00041531
     513     0.00040138
     514     0.00032603
     515     0.00023041
     516     0.00016638
     517     0.00017582
     518     0.00019706
     519     0.00019689
     520     0.00017202
     521     0.00016286
     522     0.00017363
     523     0.00019753
     524     0.00023729
     525     0.00025497
     526     0.00025880
     527     0.00025930
     528     0.00025182
     529     0.00023702
     530     0.00018394
     531     0.00009580
     532     0.00009810
     533     0.00013937
     534     0.00016477
     535     0.00017320
     536     0.00015836
     537     0.00016006
     538     0.00016975
     539     0.00019430
     540     0.00023613
     541     0.00025322
     542     0.00024390
     543     0.00021717
     544     0.00018021
     545     0.00013725
     546     0.00015093
     547     0.00019370
     548     0.00023242
     549     0.00026427
     550     0.00028680
     551     0.00029868
     552     0.00028434
     553     0.00024798
     554     0.00019620
     555     0.00013835
     556     0.00014798
     557     0.00016493
     558     0.00018147
     559     0.00019484
     560     0.00020292
     561     0.00022140
     562     0.00026021
     563     0.00029130
     564     0.00031429
     565     0.00032937
     566     0.00034001
     567     0.00035757
     568     0.00039316
     569     0.00028542
     570     0.00011663
     571     0.00009912
     572     0.00010179
     573     0.00011952
     574     0.00015717
     575     0.00018307
     576     0.00019796
     577     0.00020414
     578     0.00020388
     579     0.00019919
     580     0.00019161
     581     0.00018214
     582     0.00017127
     583     0.00015939
     584     0.00014655
     585     0.00013295
     586     0.00011889
     587     0.00010466
     588     0.00009036
     589     0.00007547
     590     0.00006235
     591     0.00007490
     592     0.00008391
     593     0.00008629
     594     0.00007992
     595     0.00011986
     596     0.00017005
     597     0.00021067
     598     0.00023404
     599     0.00023582
     600     0.00021514