#    Density matrix based averaged BO population
       0     0.00000000     1.00000000
       1     0.00002670     0.99997330
       2     0.00001112     0.99998888
       3     0.00004083     0.99995918
       4     0.00005159     0.99994841
       5     0.00005414     0.99994586
       6     0.00011776     0.99988224
       7     0.00009368     0.99990632
       8     0.00014431     0.99985570
       9     0.00016146     0.99983855
      10     0.00010925     0.99989075
      11     0.00015288     0.99984712
      12     0.00015329     0.99984671
      13     0.00010039     0.99989961
      14     0.00012185     0.99987815
      15     0.00015242     0.99984759
      16     0.00012037     0.99987963
      17     0.00008544     0.99991457
      18     0.00008263     0.99991737
      19     0.00006986     0.99993014
      20     0.00004139     0.99995861
      21     0.00004035     0.99995965
      22     0.00006180     0.99993820
      23     0.00006023     0.99993977
      24     0.00004004     0.99995996
      25     0.00004342     0.99995657
      26     0.00007052     0.99992948
      27     0.00008707     0.99991294
      28     0.00007963     0.99992037
      29     0.00005555     0.99994445
      30     0.00003791     0.99996209
      31     0.00006121     0.99993879
      32     0.00009677     0.99990323
      33     0.00007409     0.99992591
      34     0.00004248     0.99995751
      35     0.00007515     0.99992485
      36     0.00008321     0.99991679
      37     0.00004039     0.99995961
      38     0.00004085     0.99995915
      39     0.00005037     0.99994963
      40     0.00002566     0.99997434
      41     0.00001375     0.99998625
      42     0.00002163     0.99997837
      43     0.00000980     0.99999021
      44     0.00000435     0.99999565
      45     0.00001175     0.99998825
      46     0.00000521     0.99999479
      47     0.00001661     0.99998339
      48     0.00001291     0.99998709
      49     0.00001450     0.99998550
      50     0.00003228     0.99996772
      51     0.00001764     0.99998236
      52     0.00001996     0.99998004
      53     0.00003555     0.99996445
      54     0.00002080     0.99997920
      55     0.00001330     0.99998670
      56     0.00002155     0.99997845
      57     0.00001590     0.99998410
      58     0.00000691     0.99999308
      59     0.00000863     0.99999137
      60     0.00001271     0.99998729
      61     0.00001127     0.99998873
      62     0.00000936     0.99999064
      63     0.00001850     0.99998150
      64     0.00002419     0.99997581
      65     0.00001532     0.99998468
      66     0.00001904     0.99998096
      67     0.00002891     0.99997109
      68     0.00001866     0.99998134
      69     0.00001797     0.99998203
      70     0.00003254     0.99996746
      71     0.00002451     0.99997549
      72     0.00001462     0.99998538
      73     0.00002458     0.99997543
      74     0.00002433     0.99997567
      75     0.00001848     0.99998152
      76     0.00002099     0.99997901
      77     0.00001608     0.99998392
      78     0.00001163     0.99998837
      79     0.00001522     0.99998478
      80     0.00001527     0.99998473
      81     0.00001318     0.99998681
      82     0.00000631     0.99999369
      83     0.00000534     0.99999466
      84     0.00002289     0.99997711
      85     0.00002758     0.99997242
      86     0.00001578     0.99998422
      87     0.00001952     0.99998048
      88     0.00002644     0.99997356
      89     0.00001960     0.99998040
      90     0.00001717     0.99998283
      91     0.00002106     0.99997894
      92     0.00001543     0.99998457
      93     0.00000604     0.99999396
      94     0.00000537     0.99999463
      95     0.00000719     0.99999281
      96     0.00000467     0.99999533
      97     0.00000700     0.99999300
      98     0.00001648     0.99998352
      99     0.00001586     0.99998414
     100     0.00000762     0.99999238
     101     0.00001879     0.99998120
     102     0.00003473     0.99996528
     103     0.00002517     0.99997483
     104     0.00002260     0.99997740
     105     0.00003868     0.99996132
     106     0.00003994     0.99996006
     107     0.00003856     0.99996144
     108     0.00003329     0.99996671
     109     0.00003498     0.99996502
     110     0.00004382     0.99995618
     111     0.00001964     0.99998036
     112     0.00002312     0.99997688
     113     0.00002691     0.99997309
     114     0.00001010     0.99998990
     115     0.00002099     0.99997900
     116     0.00000927     0.99999073
     117     0.00002228     0.99997772
     118     0.00003277     0.99996723
     119     0.00001102     0.99998898
     120     0.00003735     0.99996265
     121     0.00005046     0.99994954
     122     0.00002772     0.99997229
     123     0.00002713     0.99997287
     124     0.00004820     0.99995180
     125     0.00004746     0.99995254
     126     0.00001908     0.99998092
     127     0.00002610     0.99997390
     128     0.00004302     0.99995698
     129     0.00002625     0.99997375
     130     0.00002445     0.99997554
     131     0.00004256     0.99995744
     132     0.00004682     0.99995318
     133     0.00020239     0.99979761
     134     0.00102570     0.99897430
     135     0.00187685     0.99812315
     136     0.00198433     0.99801567
     137     0.00135658     0.99864343
     138     0.00061216     0.99938784
     139     0.00037221     0.99962779
     140     0.00051871     0.99948128
     141     0.00064313     0.99935687
     142     0.00059315     0.99940685
     143     0.00052566     0.99947434
     144     0.00076394     0.99923606
     145     0.00133708     0.99866292
     146     0.00190608     0.99809392
     147     0.00227678     0.99772322
     148     0.00261996     0.99738004
     149     0.00305883     0.99694117
     150     0.00339965     0.99660035
     151     0.00355842     0.99644158
     152     0.02872042     0.97127958
     153     0.04197916     0.95802084
     154     0.01195030     0.98804970
     155     0.00988156     0.99011844
     156     0.01095465     0.98904535
     157     0.01298469     0.98701531
     158     0.01524368     0.98475632
     159     0.01709122     0.98290878
     160     0.01820746     0.98179254
     161     0.01859754     0.98140246
     162     0.01814264     0.98185736
     163     0.01676772     0.98323228
     164     0.01457518     0.98542482
     165     0.01171711     0.98828289
     166     0.00860431     0.99139569
     167     0.00585845     0.99414154
     168     0.00394389     0.99605611
     169     0.00330347     0.99669653
     170     0.00439796     0.99560205
     171     0.00711301     0.99288699
     172     0.01075674     0.98924326
     173     0.01484040     0.98515960
     174     0.01927316     0.98072684
     175     0.02382107     0.97617892
     176     0.02784973     0.97215027
     177     0.03061995     0.96938005
     178     0.03163506     0.96836494
     179     0.03070907     0.96929093
     180     0.02788714     0.97211286
     181     0.02349657     0.97650343
     182     0.01826402     0.98173599
     183     0.01316906     0.98683094
     184     0.00903764     0.99096237
     185     0.00625648     0.99374352
     186     0.00478828     0.99521172
     187     0.00430675     0.99569325
     188     0.00431232     0.99568768
     189     0.00426799     0.99573201
     190     0.00372409     0.99627591
     191     0.00240799     0.99759201
     192     0.00088277     0.99911723
     193     0.00455356     0.99544644
     194     0.03218643     0.96781357
     195     0.08460125     0.91539875
     196     0.12643620     0.87356380
     197     0.14935145     0.85064855
     198     0.16285756     0.83714244
     199     0.17538514     0.82461486
     200     0.18887598     0.81112402
     201     0.20195288     0.79804713
     202     0.21210214     0.78789786
     203     0.21704947     0.78295053
     204     0.21624585     0.78375415
     205     0.21199539     0.78800461
     206     0.20777971     0.79222030
     207     0.20428177     0.79571823
     208     0.19886569     0.80113430
     209     0.19215982     0.80784018
     210     0.19149356     0.80850643
     211     0.19786596     0.80213404
     212     0.20801806     0.79198194
     213     0.23358806     0.76641194
     214     0.25964940     0.74035060
     215     0.25673985     0.74326015
     216     0.25335486     0.74664514
     217     0.24212748     0.75787252
     218     0.23667080     0.76332920
     219     0.24359879     0.75640121
     220     0.26112567     0.73887433
     221     0.27048204     0.72951797
     222     0.27572788     0.72427212
     223     0.27523264     0.72476737
     224     0.27177183     0.72822818
     225     0.28262835     0.71737165
     226     0.28273652     0.71726348
     227     0.27207748     0.72792252
     228     0.27446414     0.72553585
     229     0.27855871     0.72144130
     230     0.27140755     0.72859245
     231     0.27421418     0.72578581
     232     0.28579115     0.71420885
     233     0.28301442     0.71698558
     234     0.28522158     0.71477842
     235     0.28858688     0.71141312
     236     0.28730134     0.71269866
     237     0.28858763     0.71141237
     238     0.27740600     0.72259400
     239     0.26681348     0.73318652
     240     0.25541971     0.74458029
     241     0.24544468     0.75455531
     242     0.23770365     0.76229635
     243     0.23331832     0.76668168
     244     0.23074423     0.76925577
     245     0.23120737     0.76879263
     246     0.23201917     0.76798083
     247     0.23377751     0.76622249
     248     0.23528554     0.76471446
     249     0.23672834     0.76327166
     250     0.23741375     0.76258625
     251     0.23702463     0.76297537
     252     0.23562517     0.76437483
     253     0.23379647     0.76620353
     254     0.23231893     0.76768107
     255     0.23195327     0.76804673
     256     0.23291164     0.76708836
     257     0.23460523     0.76539477
     258     0.23679943     0.76320056
     259     0.23802911     0.76197089
     260     0.23823096     0.76176904
     261     0.23764043     0.76235957
     262     0.23625654     0.76374345
     263     0.23747550     0.76252450
     264     0.24141181     0.75858819
     265     0.25297679     0.74702321
     266     0.27096281     0.72903719
     267     0.29135259     0.70864741
     268     0.30951104     0.69048895
     269     0.31979595     0.68020405
     270     0.32401274     0.67598726
     271     0.32679428     0.67320572
     272     0.32817856     0.67182144
     273     0.32967146     0.67032853
     274     0.33058300     0.66941700
     275     0.33096801     0.66903199
     276     0.33155113     0.66844887
     277     0.33127429     0.66872571
     278     0.33111641     0.66888359
     279     0.33091583     0.66908416
     280     0.33059206     0.66940794
     281     0.33048606     0.66951394
     282     0.33100409     0.66899591
     283     0.33182248     0.66817752
     284     0.37659149     0.62340851
     285     0.40457773     0.59542227
     286     0.36342680     0.63657320
     287     0.35037039     0.64962962
     288     0.33752870     0.66247130
     289     0.37234723     0.62765277
     290     0.47122275     0.52877725
     291     0.49346959     0.50653041
     292     0.50535852     0.49464147
     293     0.51386073     0.48613927
     294     0.51770297     0.48229703
     295     0.52032294     0.47967706
     296     0.52145892     0.47854108
     297     0.52176225     0.47823775
     298     0.52198338     0.47801662
     299     0.52172703     0.47827296
     300     0.52364890     0.47635110
     301     0.52339939     0.47660061
     302     0.52469879     0.47530121
     303     0.52712978     0.47287023
     304     0.53645534     0.46354466
     305     0.58098722     0.41901278
     306     0.58614749     0.41385251
     307     0.54718821     0.45281179
     308     0.53916945     0.46083055
     309     0.53570990     0.46429010
     310     0.53649274     0.46350726
     311     0.53823180     0.46176820
     312     0.53559887     0.46440113
     313     0.53439448     0.46560552
     314     0.53162779     0.46837221
     315     0.52273418     0.47726582
     316     0.51707655     0.48292345
     317     0.50728879     0.49271121
     318     0.49575486     0.50424514
     319     0.48742644     0.51257356
     320     0.47259997     0.52740003
     321     0.45035037     0.54964963
     322     0.38789265     0.61210735
     323     0.40126931     0.59873069
     324     0.39045576     0.60954424
     325     0.38822053     0.61177947
     326     0.38719744     0.61280256
     327     0.38901279     0.61098721
     328     0.38600069     0.61399931
     329     0.38542567     0.61457433
     330     0.38072114     0.61927887
     331     0.37765443     0.62234557
     332     0.37350023     0.62649977
     333     0.37096859     0.62903141
     334     0.36763018     0.63236982
     335     0.36636408     0.63363592
     336     0.36294210     0.63705790
     337     0.36198759     0.63801241
     338     0.35877631     0.64122369
     339     0.35823679     0.64176321
     340     0.35691282     0.64308718
     341     0.35784806     0.64215194
     342     0.35918727     0.64081273
     343     0.36218016     0.63781984
     344     0.36522529     0.63477471
     345     0.37203254     0.62796746
     346     0.41074076     0.58925925
     347     0.42300069     0.57699931
     348     0.38753293     0.61246706
     349     0.38853259     0.61146741
     350     0.38991233     0.61008767
     351     0.39508015     0.60491985
     352     0.39916232     0.60083768
     353     0.40859004     0.59140996
     354     0.43676221     0.56323779
     355     0.48777416     0.51222584
     356     0.51654391     0.48345609
     357     0.51904138     0.48095862
     358     0.52035491     0.47964509
     359     0.52077597     0.47922403
     360     0.52029264     0.47970736
     361     0.51962300     0.48037700
     362     0.51637722     0.48362278
     363     0.51057979     0.48942021
     364     0.49883797     0.50116203
     365     0.47045323     0.52954677
     366     0.40907702     0.59092298
     367     0.35488619     0.64511381
     368     0.34321892     0.65678108
     369     0.34934448     0.65065552
     370     0.35505412     0.64494589
     371     0.35947245     0.64052755
     372     0.36261977     0.63738023
     373     0.36438315     0.63561685
     374     0.36669961     0.63330039
     375     0.36653708     0.63346292
     376     0.36698604     0.63301396
     377     0.36477870     0.63522130
     378     0.36476034     0.63523966
     379     0.36215760     0.63784240
     380     0.35962494     0.64037506
     381     0.35468603     0.64531397
     382     0.35005371     0.64994629
     383     0.34604247     0.65395753
     384     0.34650655     0.65349345
     385     0.34098767     0.65901233
     386     0.34172832     0.65827168
     387     0.33964432     0.66035568
     388     0.33723404     0.66276596
     389     0.33984378     0.66015622
     390     0.34120915     0.65879085
     391     0.34461249     0.65538751
     392     0.35710007     0.64289993
     393     0.39036614     0.60963386
     394     0.46640543     0.53359457
     395     0.53490140     0.46509860
     396     0.55839390     0.44160610
     397     0.56817073     0.43182927
     398     0.57411682     0.42588318
     399     0.57513680     0.42486320
     400     0.57578143     0.42421857
     401     0.57298672     0.42701328
     402     0.56333318     0.43666682
     403     0.55893379     0.44106621
     404     0.55075283     0.44924717
     405     0.53668460     0.46331540
     406     0.52707942     0.47292058
     407     0.51787138     0.48212862
     408     0.51175682     0.48824318
     409     0.50858873     0.49141127
     410     0.51034516     0.48965484
     411     0.51227757     0.48772243
     412     0.51701487     0.48298513
     413     0.51916352     0.48083648
     414     0.52117111     0.47882889
     415     0.52028674     0.47971325
     416     0.51863470     0.48136530
     417     0.51653971     0.48346029
     418     0.51528098     0.48471902
     419     0.51584855     0.48415145
     420     0.51801206     0.48198794
     421     0.51749135     0.48250865
     422     0.50496905     0.49503095
     423     0.45919237     0.54080763
     424     0.41946663     0.58053337
     425     0.40228321     0.59771679
     426     0.39516064     0.60483936
     427     0.39185393     0.60814607
     428     0.39336156     0.60663844
     429     0.39952453     0.60047547
     430     0.41074483     0.58925517
     431     0.42416131     0.57583869
     432     0.43675887     0.56324113
     433     0.44720741     0.55279258
     434     0.45282756     0.54717244
     435     0.45823334     0.54176666
     436     0.46010298     0.53989702
     437     0.48306691     0.51693309
     438     0.52406649     0.47593351
     439     0.54772419     0.45227581
     440     0.55423943     0.44576057
     441     0.55998768     0.44001232
     442     0.56878086     0.43121914
     443     0.58392217     0.41607783
     444     0.61322233     0.38677767
     445     0.66336051     0.33663949
     446     0.70641708     0.29358292
     447     0.69927896     0.30072104
     448     0.69021447     0.30978553
     449     0.68609064     0.31390936
     450     0.68504866     0.31495134
     451     0.68604534     0.31395466
     452     0.68500388     0.31499612
     453     0.68357511     0.31642489
     454     0.68118285     0.31881715
     455     0.67903147     0.32096853
     456     0.67910593     0.32089407
     457     0.68023412     0.31976588
     458     0.68105182     0.31894818
     459     0.68265326     0.31734674
     460     0.67667393     0.32332607
     461     0.67081085     0.32918915
     462     0.65008101     0.34991899
     463     0.62251294     0.37748706
     464     0.57235211     0.42764789
     465     0.51459056     0.48540944
     466     0.47796278     0.52203722
     467     0.46670632     0.53329368
     468     0.47445057     0.52554943
     469     0.49041743     0.50958257
     470     0.52414539     0.47585461
     471     0.57054853     0.42945147
     472     0.60390378     0.39609622
     473     0.61642857     0.38357144
     474     0.61728495     0.38271505
     475     0.61008275     0.38991725
     476     0.60124294     0.39875705
     477     0.59073651     0.40926349
     478     0.58133590     0.41866410
     479     0.57587703     0.42412297
     480     0.57230494     0.42769506
     481     0.57201581     0.42798419
     482     0.57197116     0.42802884
     483     0.57402598     0.42597402
     484     0.57622124     0.42377876
     485     0.57808300     0.42191700
     486     0.58594188     0.41405812
     487     0.60224813     0.39775186
     488     0.62357076     0.37642924
     489     0.64535731     0.35464269
     490     0.66300377     0.33699623
     491     0.67583347     0.32416653
     492     0.68419795     0.31580204
     493     0.68780557     0.31219443
     494     0.68574217     0.31425783
     495     0.67791487     0.32208513
     496     0.64791010     0.35208990
     497     0.61062893     0.38937107
     498     0.60854081     0.39145918
     499     0.61935857     0.38064143
     500     0.62378873     0.37621127
     501     0.62862392     0.37137608
     502     0.62969727     0.37030273
     503     0.62691382     0.37308618
     504     0.62632750     0.37367250
     505     0.62684633     0.37315367
     506     0.62434433     0.37565567
     507     0.62104887     0.37895113
     508     0.62093942     0.37906058
     509     0.61928699     0.38071301
     510     0.61895352     0.38104648
     511     0.61999023     0.38000977
     512     0.62162774     0.37837226
     513     0.62591322     0.37408678
     514     0.63290825     0.36709174
     515     0.64202286     0.35797714
     516     0.66355971     0.33644029
     517     0.69000038     0.30999962
     518     0.70865320     0.29134680
     519     0.71783857     0.28216142
     520     0.72105372     0.27894628
     521     0.72207302     0.27792698
     522     0.72147345     0.27852655
     523     0.72250350     0.27749650
     524     0.72556206     0.27443794
     525     0.72582632     0.27417368
     526     0.72614670     0.27385330
     527     0.71991151     0.28008849
     528     0.71733208     0.28266792
     529     0.72222176     0.27777824
     530     0.72691536     0.27308464
     531     0.72260561     0.27739439
     532     0.71793080     0.28206920
     533     0.72535174     0.27464826
     534     0.72338860     0.27661140
     535     0.71839654     0.28160346
     536     0.72702455     0.27297545
     537     0.71910864     0.28089136
     538     0.72365446     0.27634554
     539     0.72254310     0.27745690
     540     0.72175850     0.27824150
     541     0.72287407     0.27712593
     542     0.72257548     0.27742451
     543     0.72158632     0.27841368
     544     0.72379385     0.27620615
     545     0.72055288     0.27944712
     546     0.72452739     0.27547261
     547     0.71991424     0.28008576
     548     0.72167837     0.27832163
     549     0.72350747     0.27649253
     550     0.71895980     0.28104020
     551     0.72441829     0.27558172
     552     0.72007610     0.27992390
     553     0.72225279     0.27774720
     554     0.72201911     0.27798089
     555     0.72133495     0.27866505
     556     0.72160649     0.27839351
     557     0.72219367     0.27780633
     558     0.72084384     0.27915616
     559     0.72220622     0.27779378
     560     0.72161678     0.27838322
     561     0.72106589     0.27893410
     562     0.72253322     0.27746678
     563     0.72073117     0.27926882
     564     0.72224718     0.27775282
     565     0.72140315     0.27859685
     566     0.72150874     0.27849126
     567     0.72205249     0.27794752
     568     0.72089086     0.27910914
     569     0.72287004     0.27712996
     570     0.71976123     0.28023877
     571     0.72403822     0.27596179
     572     0.71917131     0.28082869
     573     0.72353112     0.27646888
     574     0.72079526     0.27920474
     575     0.72131765     0.27868235
     576     0.72273700     0.27726300
     577     0.72036917     0.27963083
     578     0.72253801     0.27746199
     579     0.72117173     0.27882827
     580     0.72205265     0.27794735
     581     0.72070771     0.27929229
     582     0.72338052     0.27661948
     583     0.71924996     0.28075004
     584     0.72399360     0.27600640
     585     0.72015418     0.27984581
     586     0.72146640     0.27853360
     587     0.72354755     0.27645245
     588     0.71860806     0.28139194
     589     0.72440590     0.27559410
     590     0.72026520     0.27973480
     591     0.72125784     0.27874216
     592     0.72304626     0.27695374
     593     0.72010139     0.27989862
     594     0.72283198     0.27716802
     595     0.72081786     0.27918214
     596     0.72193476     0.27806524
     597     0.72197585     0.27802415
     598     0.72099005     0.27900996
     599     0.72203580     0.27796420
     600     0.72161915     0.27838085