#    Averaged Non-Adiabatic Coupling Matrix Eliments: off-diagonal
       0     0.00028648
       1     0.00035396
       2     0.00046521
       3     0.00062161
       4     0.00081091
       5     0.00099591
       6     0.00116057
       7     0.00127491
       8     0.00131300
       9     0.00127919
      10     0.00120163
      11     0.00110586
      12     0.00100753
      13     0.00091470
      14     0.00083011
      15     0.00075223
      16     0.00067674
      17     0.00059858
      18     0.00051379
      19     0.00042121
      20     0.00033998
      21     0.00032025
      22     0.00032749
      23     0.00040630
      24     0.00045180
      25     0.00046243
      26     0.00044071
      27     0.00039219
      28     0.00032801
      29     0.00039294
      30     0.00045445
      31     0.00051061
      32     0.00055962
      33     0.00059979
      34     0.00062965
      35     0.00064739
      36     0.00065088
      37     0.00063797
      38     0.00060671
      39     0.00055631
      40     0.00048727
      41     0.00040158
      42     0.00030238
      43     0.00021129
      44     0.00017738
      45     0.00013856
      46     0.00013425
      47     0.00021077
      48     0.00027677
      49     0.00032269
      50     0.00034943
      51     0.00035944
      52     0.00035570
      53     0.00034097
      54     0.00031763
      55     0.00028758
      56     0.00025274
      57     0.00021539
      58     0.00017824
      59     0.00014413
      60     0.00017305
      61     0.00020564
      62     0.00023553
      63     0.00025915
      64     0.00027380
      65     0.00027834
      66     0.00028705
      67     0.00031287
      68     0.00033309
      69     0.00034556
      70     0.00034822
      71     0.00034007
      72     0.00032159
      73     0.00029434
      74     0.00031055
      75     0.00032255
      76     0.00032053
      77     0.00030241
      78     0.00026764
      79     0.00021776
      80     0.00016164
      81     0.00017327
      82     0.00019627
      83     0.00021344
      84     0.00023965
      85     0.00027458
      86     0.00029696
      87     0.00030569
      88     0.00030093
      89     0.00028332
      90     0.00025440
      91     0.00021668
      92     0.00017323
      93     0.00012817
      94     0.00008596
      95     0.00005735
      96     0.00006869
      97     0.00010483
      98     0.00015194
      99     0.00019785
     100     0.00024205
     101     0.00028497
     102     0.00032795
     103     0.00037158
     104     0.00041542
     105     0.00045732
     106     0.00049367
     107     0.00051985
     108     0.00053117
     109     0.00052394
     110     0.00049581
     111     0.00044606
     112     0.00037549
     113     0.00028644
     114     0.00024929
     115     0.00026385
     116     0.00029999
     117     0.00035817
     118     0.00039789
     119     0.00041647
     120     0.00041324
     121     0.00044901
     122     0.00047245
     123     0.00047788
     124     0.00046833
     125     0.00044716
     126     0.00041777
     127     0.00038398
     128     0.00034913
     129     0.00031588
     130     0.00032366
     131     0.00035298
     132     0.00038085
     133     0.00091542
     134     0.00098899
     135     0.00100082
     136     0.00092268
     137     0.00075035
     138     0.00052333
     139     0.00022075
     140     0.00035906
     141     0.00053960
     142     0.00074849
     143     0.00093288
     144     0.00106382
     145     0.00114049
     146     0.00116696
     147     0.00114801
     148     0.00108023
     149     0.00094103
     150     0.00063853
     151     0.00127376
     152     0.00684847
     153     0.00483111
     154     0.00087094
     155     0.00028368
     156     0.00038657
     157     0.00038235
     158     0.00042605
     159     0.00044558
     160     0.00045055
     161     0.00044721
     162     0.00043952
     163     0.00044273
     164     0.00045264
     165     0.00053106
     166     0.00061121
     167     0.00068517
     168     0.00074612
     169     0.00079014
     170     0.00081800
     171     0.00083511
     172     0.00085008
     173     0.00088739
     174     0.00095789
     175     0.00104917
     176     0.00115717
     177     0.00127161
     178     0.00137522
     179     0.00144330
     180     0.00144771
     181     0.00136926
     182     0.00121019
     183     0.00099555
     184     0.00087171
     185     0.00074443
     186     0.00060116
     187     0.00053323
     188     0.00047801
     189     0.00054696
     190     0.00072646
     191     0.00102165
     192     0.00164577
     193     0.00296222
     194     0.00443793
     195     0.00370878
     196     0.00277987
     197     0.00211524
     198     0.00192542
     199     0.00180487
     200     0.00163741
     201     0.00149396
     202     0.00131813
     203     0.00118594
     204     0.00107640
     205     0.00099036
     206     0.00093327
     207     0.00091294
     208     0.00094519
     209     0.00104972
     210     0.00124530
     211     0.00153144
     212     0.00280625
     213     0.00231545
     214     0.00189665
     215     0.00185163
     216     0.00147987
     217     0.00206634
     218     0.00253172
     219     0.00222475
     220     0.00173335
     221     0.00142251
     222     0.00126784
     223     0.00118954
     224     0.00113347
     225     0.00107041
     226     0.00098878
     227     0.00088838
     228     0.00077518
     229     0.00065694
     230     0.00072027
     231     0.00080382
     232     0.00088665
     233     0.00096922
     234     0.00105106
     235     0.00112792
     236     0.00119065
     237     0.00122789
     238     0.00123206
     239     0.00120281
     240     0.00117143
     241     0.00123109
     242     0.00120540
     243     0.00109985
     244     0.00093325
     245     0.00073709
     246     0.00054248
     247     0.00036994
     248     0.00022800
     249     0.00011860
     250     0.00018876
     251     0.00028162
     252     0.00035807
     253     0.00041379
     254     0.00044533
     255     0.00045246
     256     0.00043802
     257     0.00040012
     258     0.00034062
     259     0.00025969
     260     0.00020913
     261     0.00032334
     262     0.00052096
     263     0.00078482
     264     0.00114910
     265     0.00161809
     266     0.00202821
     267     0.00202273
     268     0.00228731
     269     0.00127157
     270     0.00071771
     271     0.00048667
     272     0.00038663
     273     0.00033250
     274     0.00029008
     275     0.00024171
     276     0.00018227
     277     0.00016806
     278     0.00018998
     279     0.00021822
     280     0.00021977
     281     0.00015232
     282     0.00035849
     283     0.00133469
     284     0.00776170
     285     0.00431690
     286     0.00135862
     287     0.00111577
     288     0.00277752
     289     0.00997168
     290     0.00172295
     291     0.00114538
     292     0.00094029
     293     0.00079406
     294     0.00066107
     295     0.00053259
     296     0.00040686
     297     0.00028193
     298     0.00021123
     299     0.00022089
     300     0.00022870
     301     0.00039201
     302     0.00061557
     303     0.00103928
     304     0.00217833
     305     0.00538146
     306     0.00454090
     307     0.00177872
     308     0.00083666
     309     0.00044020
     310     0.00035477
     311     0.00047568
     312     0.00063165
     313     0.00080102
     314     0.00097823
     315     0.00116852
     316     0.00137284
     317     0.00158663
     318     0.00180357
     319     0.00203457
     320     0.00237915
     321     0.00352017
     322     0.01384374
     323     0.00465228
     324     0.00266901
     325     0.00236174
     326     0.00223488
     327     0.00206999
     328     0.00184445
     329     0.00159494
     330     0.00135609
     331     0.00114303
     332     0.00100297
     333     0.00089791
     334     0.00080938
     335     0.00072960
     336     0.00073399
     337     0.00075863
     338     0.00077184
     339     0.00076928
     340     0.00075365
     341     0.00072650
     342     0.00068112
     343     0.00063736
     344     0.00051420
     345     0.00113813
     346     0.00632531
     347     0.00531986
     348     0.00089671
     349     0.00043577
     350     0.00061131
     351     0.00076833
     352     0.00107278
     353     0.00190015
     354     0.00473007
     355     0.00524731
     356     0.00175981
     357     0.00086743
     358     0.00056150
     359     0.00042728
     360     0.00036788
     361     0.00036154
     362     0.00041866
     363     0.00058883
     364     0.00103516
     365     0.00220970
     366     0.00451955
     367     0.00385411
     368     0.00228100
     369     0.00125793
     370     0.00078783
     371     0.00056668
     372     0.00045956
     373     0.00041016
     374     0.00040954
     375     0.00042804
     376     0.00045966
     377     0.00050557
     378     0.00057003
     379     0.00064754
     380     0.00064211
     381     0.00072663
     382     0.00081663
     383     0.00092932
     384     0.00107985
     385     0.00117187
     386     0.00108154
     387     0.00094128
     388     0.00084503
     389     0.00084408
     390     0.00097287
     391     0.00123351
     392     0.00178911
     393     0.00325186
     394     0.00512168
     395     0.00230326
     396     0.00126236
     397     0.00094065
     398     0.00084234
     399     0.00087080
     400     0.00096652
     401     0.00110260
     402     0.00131118
     403     0.00179031
     404     0.00184674
     405     0.00111886
     406     0.00094547
     407     0.00084603
     408     0.00080971
     409     0.00072722
     410     0.00062150
     411     0.00051163
     412     0.00041302
     413     0.00033753
     414     0.00029357
     415     0.00031395
     416     0.00031439
     417     0.00038133
     418     0.00047700
     419     0.00062387
     420     0.00098598
     421     0.00181639
     422     0.00400888
     423     0.00522536
     424     0.00239283
     425     0.00121796
     426     0.00092369
     427     0.00092075
     428     0.00103045
     429     0.00114709
     430     0.00117860
     431     0.00114155
     432     0.00097495
     433     0.00071898
     434     0.00076782
     435     0.00114413
     436     0.00250175
     437     0.00523748
     438     0.00309354
     439     0.00119173
     440     0.00061476
     441     0.00049727
     442     0.00071401
     443     0.00111664
     444     0.00195208
     445     0.00399357
     446     0.00475355
     447     0.00179430
     448     0.00085880
     449     0.00052789
     450     0.00037531
     451     0.00028209
     452     0.00024186
     453     0.00027297
     454     0.00030216
     455     0.00037628
     456     0.00045687
     457     0.00054800
     458     0.00065387
     459     0.00076818
     460     0.00095909
     461     0.00121972
     462     0.00162149
     463     0.00230837
     464     0.00332904
     465     0.00380372
     466     0.00303838
     467     0.00223667
     468     0.00185097
     469     0.00179504
     470     0.00304838
     471     0.00344835
     472     0.00303772
     473     0.00241974
     474     0.00202165
     475     0.00181224
     476     0.00169014
     477     0.00159013
     478     0.00148736
     479     0.00123143
     480     0.00121661
     481     0.00124682
     482     0.00133176
     483     0.00184775
     484     0.00192701
     485     0.00202187
     486     0.00202399
     487     0.00184727
     488     0.00153150
     489     0.00120940
     490     0.00095288
     491     0.00076415
     492     0.00061509
     493     0.00045451
     494     0.00068173
     495     0.00145254
     496     0.00356316
     497     0.00642014
     498     0.00285975
     499     0.00116777
     500     0.00060239
     501     0.00037409
     502     0.00034260
     503     0.00044403
     504     0.00054233
     505     0.00083377
     506     0.00115867
     507     0.00065886
     508     0.00044516
     509     0.00032364
     510     0.00026543
     511     0.00029369
     512     0.00039005
     513     0.00047840
     514     0.00057358
     515     0.00070040
     516     0.00163523
     517     0.00128378
     518     0.00089377
     519     0.00060669
     520     0.00042654
     521     0.00031411
     522     0.00029444
     523     0.00035632
     524     0.00037397
     525     0.00038702
     526     0.00040402
     527     0.00045291
     528     0.00050044
     529     0.00053343
     530     0.00055350
     531     0.00056275
     532     0.00059052
     533     0.00066400
     534     0.00073922
     535     0.00080022
     536     0.00081246
     537     0.00074652
     538     0.00062317
     539     0.00049023
     540     0.00036209
     541     0.00022660
     542     0.00015356
     543     0.00020331
     544     0.00024513
     545     0.00029364
     546     0.00038829
     547     0.00071707
     548     0.00058355
     549     0.00052020
     550     0.00047414
     551     0.00041385
     552     0.00034582
     553     0.00026414
     554     0.00017721
     555     0.00010678
     556     0.00004003
     557     0.00012913
     558     0.00022746
     559     0.00032235
     560     0.00041186
     561     0.00049006
     562     0.00054344
     563     0.00055470
     564     0.00051363
     565     0.00042559
     566     0.00042353
     567     0.00045170
     568     0.00046362
     569     0.00054180
     570     0.00058362
     571     0.00059250
     572     0.00056812
     573     0.00051151
     574     0.00048269
     575     0.00044225
     576     0.00040100
     577     0.00034369
     578     0.00027646
     579     0.00020255
     580     0.00021775
     581     0.00030237
     582     0.00037268
     583     0.00042541
     584     0.00051632
     585     0.00059569
     586     0.00064567
     587     0.00066016
     588     0.00063703
     589     0.00057880
     590     0.00049293
     591     0.00042617
     592     0.00037646
     593     0.00031815
     594     0.00028659
     595     0.00027707
     596     0.00025197
     597     0.00021325
     598     0.00016464
     599     0.00012720
     600     0.00010871