#    Averaged electronic coherence
       0     0.00000000
       1     0.00002670
       2     0.00001112
       3     0.00004082
       4     0.00005159
       5     0.00005414
       6     0.00011775
       7     0.00009367
       8     0.00014428
       9     0.00016142
      10     0.00010923
      11     0.00015285
      12     0.00015325
      13     0.00010037
      14     0.00012183
      15     0.00015237
      16     0.00012034
      17     0.00008542
      18     0.00008262
      19     0.00006984
      20     0.00004138
      21     0.00004035
      22     0.00006179
      23     0.00006022
      24     0.00004004
      25     0.00004342
      26     0.00007052
      27     0.00008705
      28     0.00007961
      29     0.00005554
      30     0.00003791
      31     0.00006120
      32     0.00009675
      33     0.00007408
      34     0.00004248
      35     0.00007514
      36     0.00008320
      37     0.00004039
      38     0.00004084
      39     0.00005036
      40     0.00002566
      41     0.00001375
      42     0.00002163
      43     0.00000979
      44     0.00000435
      45     0.00001175
      46     0.00000520
      47     0.00001661
      48     0.00001291
      49     0.00001450
      50     0.00003228
      51     0.00001764
      52     0.00001996
      53     0.00003555
      54     0.00002080
      55     0.00001330
      56     0.00002155
      57     0.00001590
      58     0.00000691
      59     0.00000863
      60     0.00001271
      61     0.00001127
      62     0.00000936
      63     0.00001850
      64     0.00002419
      65     0.00001532
      66     0.00001904
      67     0.00002891
      68     0.00001866
      69     0.00001797
      70     0.00003254
      71     0.00002451
      72     0.00001462
      73     0.00002457
      74     0.00002433
      75     0.00001848
      76     0.00002099
      77     0.00001608
      78     0.00001163
      79     0.00001522
      80     0.00001526
      81     0.00001318
      82     0.00000631
      83     0.00000534
      84     0.00002289
      85     0.00002758
      86     0.00001578
      87     0.00001952
      88     0.00002644
      89     0.00001960
      90     0.00001717
      91     0.00002106
      92     0.00001543
      93     0.00000604
      94     0.00000537
      95     0.00000719
      96     0.00000467
      97     0.00000700
      98     0.00001648
      99     0.00001586
     100     0.00000762
     101     0.00001879
     102     0.00003472
     103     0.00002517
     104     0.00002260
     105     0.00003868
     106     0.00003994
     107     0.00003856
     108     0.00003329
     109     0.00003498
     110     0.00004382
     111     0.00001964
     112     0.00002312
     113     0.00002691
     114     0.00001010
     115     0.00002099
     116     0.00000927
     117     0.00002228
     118     0.00003277
     119     0.00001101
     120     0.00003735
     121     0.00005046
     122     0.00002771
     123     0.00002713
     124     0.00004820
     125     0.00004745
     126     0.00001908
     127     0.00002610
     128     0.00004302
     129     0.00002625
     130     0.00002445
     131     0.00004256
     132     0.00004682
     133     0.00020228
     134     0.00102200
     135     0.00186388
     136     0.00196942
     137     0.00134952
     138     0.00061079
     139     0.00037177
     140     0.00051788
     141     0.00064200
     142     0.00059243
     143     0.00052501
     144     0.00076235
     145     0.00133301
     146     0.00189748
     147     0.00226173
     148     0.00259539
     149     0.00302299
     150     0.00335717
     151     0.00351382
     152     0.02545313
     153     0.03494414
     154     0.01138910
     155     0.00950290
     156     0.01048223
     157     0.01231540
     158     0.01432802
     159     0.01594011
     160     0.01689097
     161     0.01722604
     162     0.01684226
     163     0.01565649
     164     0.01373683
     165     0.01117507
     166     0.00831285
     167     0.00572763
     168     0.00388611
     169     0.00326081
     170     0.00432304
     171     0.00692451
     172     0.01031586
     173     0.01396824
     174     0.01779349
     175     0.02160842
     176     0.02487856
     177     0.02702165
     178     0.02773376
     179     0.02698017
     180     0.02480106
     181     0.02131521
     182     0.01695246
     183     0.01249088
     184     0.00872407
     185     0.00611358
     186     0.00471151
     187     0.00424976
     188     0.00425757
     189     0.00421452
     190     0.00368340
     191     0.00239193
     192     0.00088111
     193     0.00447861
     194     0.02817961
     195     0.05703756
     196     0.06649633
     197     0.07034658
     198     0.07737583
     199     0.08723783
     200     0.09708538
     201     0.10451000
     202     0.10894831
     203     0.11112382
     204     0.11176131
     205     0.11096089
     206     0.10866722
     207     0.10536965
     208     0.10238141
     209     0.10069492
     210     0.10045253
     211     0.10318051
     212     0.11607318
     213     0.13455348
     214     0.14336890
     215     0.14625538
     216     0.14070792
     217     0.13098974
     218     0.12553434
     219     0.13166650
     220     0.14177269
     221     0.15007177
     222     0.15385919
     223     0.15461053
     224     0.15603844
     225     0.15744523
     226     0.15781146
     227     0.15545175
     228     0.15352020
     229     0.15470977
     230     0.15462649
     231     0.15531287
     232     0.15829653
     233     0.15939971
     234     0.16236808
     235     0.16362742
     236     0.16180462
     237     0.16060143
     238     0.15573876
     239     0.14978221
     240     0.14158028
     241     0.13259147
     242     0.12479389
     243     0.12001426
     244     0.11818091
     245     0.11894989
     246     0.12037512
     247     0.12169153
     248     0.12216217
     249     0.12211038
     250     0.12205731
     251     0.12259939
     252     0.12385299
     253     0.12535732
     254     0.12641894
     255     0.12662673
     256     0.12598298
     257     0.12480449
     258     0.12380288
     259     0.12317726
     260     0.12307657
     261     0.12327438
     262     0.12315554
     263     0.12292525
     264     0.12157539
     265     0.11885461
     266     0.11244495
     267     0.10260391
     268     0.09140769
     269     0.08402402
     270     0.08060470
     271     0.07850706
     272     0.07686331
     273     0.07600316
     274     0.07561383
     275     0.07553383
     276     0.07573125
     277     0.07562229
     278     0.07534476
     279     0.07487660
     280     0.07435486
     281     0.07409609
     282     0.07442726
     283     0.07614741
     284     0.11030224
     285     0.12397867
     286     0.10206544
     287     0.09258718
     288     0.08164304
     289     0.10806369
     290     0.12989533
     291     0.12429691
     292     0.11894500
     293     0.11557081
     294     0.11342763
     295     0.11238764
     296     0.11159730
     297     0.11130456
     298     0.11148478
     299     0.11098820
     300     0.11045645
     301     0.10994832
     302     0.11065329
     303     0.11097167
     304     0.11645631
     305     0.15019065
     306     0.15555615
     307     0.12801865
     308     0.12008225
     309     0.11998928
     310     0.11929720
     311     0.11813119
     312     0.11953494
     313     0.11852457
     314     0.11766955
     315     0.11864631
     316     0.11789354
     317     0.12012008
     318     0.12319495
     319     0.12825670
     320     0.13492099
     321     0.13939364
     322     0.12097811
     323     0.13017660
     324     0.12410261
     325     0.12279764
     326     0.12267053
     327     0.12172964
     328     0.12055437
     329     0.11729815
     330     0.11474536
     331     0.11091197
     332     0.10895383
     333     0.10669630
     334     0.10554043
     335     0.10461804
     336     0.10291586
     337     0.10224390
     338     0.10004737
     339     0.09952833
     340     0.09857388
     341     0.09901159
     342     0.10029284
     343     0.10166071
     344     0.10499797
     345     0.10856614
     346     0.14122504
     347     0.14734260
     348     0.12205210
     349     0.12187410
     350     0.12280141
     351     0.12666792
     352     0.12943138
     353     0.13435667
     354     0.14444561
     355     0.14455656
     356     0.13435575
     357     0.13008874
     358     0.12954676
     359     0.12986258
     360     0.13094159
     361     0.13227070
     362     0.13312607
     363     0.13560995
     364     0.13935356
     365     0.14418939
     366     0.13259528
     367     0.09712127
     368     0.08693271
     369     0.09218720
     370     0.09758477
     371     0.10122162
     372     0.10368500
     373     0.10533981
     374     0.10687633
     375     0.10711252
     376     0.10697407
     377     0.10570163
     378     0.10521840
     379     0.10376936
     380     0.10133027
     381     0.09714172
     382     0.09255352
     383     0.09060542
     384     0.08683917
     385     0.08838580
     386     0.08355629
     387     0.08207244
     388     0.08339423
     389     0.08179507
     390     0.08422171
     391     0.08936247
     392     0.09882981
     393     0.12257127
     394     0.14520405
     395     0.12561259
     396     0.10936838
     397     0.10035767
     398     0.09576040
     399     0.09408061
     400     0.09345261
     401     0.09518917
     402     0.10266185
     403     0.10687425
     404     0.11326949
     405     0.12477079
     406     0.12983368
     407     0.13345985
     408     0.13494548
     409     0.13492717
     410     0.13406229
     411     0.13379403
     412     0.13369437
     413     0.13419718
     414     0.13466951
     415     0.13426925
     416     0.13288269
     417     0.13056404
     418     0.12821721
     419     0.12677682
     420     0.12695241
     421     0.12906502
     422     0.13734561
     423     0.14498629
     424     0.13739965
     425     0.13000131
     426     0.12625876
     427     0.12496266
     428     0.12703589
     429     0.13242620
     430     0.14008373
     431     0.14735425
     432     0.15259533
     433     0.15602588
     434     0.15773098
     435     0.15973919
     436     0.16148893
     437     0.17465775
     438     0.18888040
     439     0.19135614
     440     0.19157767
     441     0.19252226
     442     0.19373129
     443     0.19395264
     444     0.19052401
     445     0.16788960
     446     0.13452635
     447     0.14017962
     448     0.14904229
     449     0.15360557
     450     0.15512886
     451     0.15622977
     452     0.15602630
     453     0.15620585
     454     0.15593833
     455     0.15568710
     456     0.15572398
     457     0.15604753
     458     0.15705347
     459     0.15903235
     460     0.16254228
     461     0.16807067
     462     0.17730733
     463     0.18765757
     464     0.19444191
     465     0.18124172
     466     0.16111610
     467     0.15353358
     468     0.15458795
     469     0.15803542
     470     0.15683945
     471     0.14160915
     472     0.12357871
     473     0.11843541
     474     0.12220481
     475     0.13076792
     476     0.13834181
     477     0.14478141
     478     0.14776413
     479     0.14663561
     480     0.14186619
     481     0.13326620
     482     0.12202718
     483     0.10829301
     484     0.09717964
     485     0.09571343
     486     0.10547599
     487     0.12157897
     488     0.13585331
     489     0.14464067
     490     0.14751115
     491     0.14964639
     492     0.14834234
     493     0.14957020
     494     0.14905370
     495     0.14902567
     496     0.14616922
     497     0.12661868
     498     0.12658586
     499     0.13419908
     500     0.13742850
     501     0.13716566
     502     0.13667658
     503     0.13858084
     504     0.13762417
     505     0.13516854
     506     0.13513365
     507     0.13621165
     508     0.13410649
     509     0.13481983
     510     0.13396867
     511     0.13448132
     512     0.13556545
     513     0.13724957
     514     0.14024179
     515     0.14349689
     516     0.14817393
     517     0.14925031
     518     0.14632097
     519     0.14425668
     520     0.14276346
     521     0.14311769
     522     0.14258853
     523     0.14283297
     524     0.14149568
     525     0.14135569
     526     0.14151731
     527     0.14318065
     528     0.14454353
     529     0.14241359
     530     0.14112090
     531     0.14269802
     532     0.14383814
     533     0.14171918
     534     0.14224498
     535     0.14407694
     536     0.14076750
     537     0.14382108
     538     0.14239393
     539     0.14221484
     540     0.14311808
     541     0.14246784
     542     0.14241958
     543     0.14296802
     544     0.14237261
     545     0.14278452
     546     0.14234565
     547     0.14377616
     548     0.14302719
     549     0.14333380
     550     0.14307233
     551     0.14313098
     552     0.14340914
     553     0.14291283
     554     0.14339729
     555     0.14313287
     556     0.14329391
     557     0.14325803
     558     0.14341424
     559     0.14303624
     560     0.14362623
     561     0.14288413
     562     0.14376170
     563     0.14273689
     564     0.14383925
     565     0.14285176
     566     0.14347485
     567     0.14340446
     568     0.14292951
     569     0.14372543
     570     0.14289085
     571     0.14356370
     572     0.14307467
     573     0.14342770
     574     0.14315841
     575     0.14345430
     576     0.14304981
     577     0.14363460
     578     0.14285351
     579     0.14369841
     580     0.14300569
     581     0.14344199
     582     0.14306310
     583     0.14380680
     584     0.14239208
     585     0.14428818
     586     0.14272809
     587     0.14303090
     588     0.14430884
     589     0.14215068
     590     0.14383487
     591     0.14357385
     592     0.14262251
     593     0.14379865
     594     0.14306406
     595     0.14336651
     596     0.14337026
     597     0.14293333
     598     0.14371583
     599     0.14311415
     600     0.14320613