#    Averaged electronic coherence
       0     0.00000000
       1     0.00000004
       2     0.00000001
       3     0.00000001
       4     0.00000001
       5     0.00000000
       6     0.00000001
       7     0.00000000
       8     0.00000000
       9     0.00000000
      10     0.00000000
      11     0.00000000
      12     0.00001921
      13     0.00002174
      14     0.00000826
      15     0.00001408
      16     0.00000033
      17     0.00000521
      18     0.00000207
      19     0.00000852
      20     0.00001381
      21     0.00000293
      22     0.00000742
      23     0.00000542
      24     0.00000531
      25     0.00000664
      26     0.00000616
      27     0.00000678
      28     0.00000731
      29     0.00000746
      30     0.00000790
      31     0.00000826
      32     0.00000847
      33     0.00000871
      34     0.00003120
      35     0.00005784
      36     0.00001818
      37     0.00002423
      38     0.00002500
      39     0.00001004
      40     0.00001411
      41     0.00001442
      42     0.00000852
      43     0.00000988
      44     0.00001063
      45     0.00000839
      46     0.00000812
      47     0.00000853
      48     0.00000776
      49     0.00000704
      50     0.00000690
      51     0.00000662
      52     0.00000606
      53     0.00000562
      54     0.00000531
      55     0.00000497
      56     0.00000457
      57     0.00000420
      58     0.00000389
      59     0.00000360
      60     0.00000330
      61     0.00000303
      62     0.00000279
      63     0.00000258
      64     0.00000239
      65     0.00000223
      66     0.00000210
      67     0.00000199
      68     0.00000192
      69     0.00000189
      70     0.00000188
      71     0.00000192
      72     0.00000199
      73     0.00000211
      74     0.00000228
      75     0.00000250
      76     0.00000280
      77     0.00000319
      78     0.00000370
      79     0.00000434
      80     0.00000518
      81     0.00000625
      82     0.00000764
      83     0.00000939
      84     0.00001153
      85     0.00001405
      86     0.00001691
      87     0.00002010
      88     0.00002398
      89     0.00002956
      90     0.00003909
      91     0.00005670
      92     0.00008981
      93     0.00015201
      94     0.00026898
      95     0.00049050
      96     0.00091505
      97     0.00173905
      98     0.00334790
      99     0.00644208
     100     0.01202979
     101     0.02072109
     102     0.03112982
     103     0.04419521
     104     0.04979098
     105     0.04869022
     106     0.04511773
     107     0.04145705
     108     0.03814275
     109     0.03503363
     110     0.03190484
     111     0.02860235
     112     0.02511121
     113     0.02161026
     114     0.01856108
     115     0.01713192
     116     0.02300793
     117     0.06346836
     118     0.04578138
     119     0.04622520
     120     0.05620867
     121     0.05477997
     122     0.04670386
     123     0.03963376
     124     0.03465220
     125     0.03101173
     126     0.02801900
     127     0.02538206
     128     0.02308348
     129     0.02115825
     130     0.01965249
     131     0.01874716
     132     0.01874803
     133     0.01981488
     134     0.02172762
     135     0.02400791
     136     0.02625607
     137     0.02837759
     138     0.03071177
     139     0.03413571
     140     0.03975861
     141     0.04769207
     142     0.05585822
     143     0.06149680
     144     0.06673971
     145     0.06669718
     146     0.06327520
     147     0.05908149
     148     0.05511376
     149     0.05137345
     150     0.04765951
     151     0.04385217
     152     0.03992880
     153     0.03598442
     154     0.03234839
     155     0.02965083
     156     0.02889900
     157     0.03177029
     158     0.04201681
     159     0.05196393
     160     0.05317182
     161     0.04973493
     162     0.04641580
     163     0.04374795
     164     0.04125006
     165     0.03841129
     166     0.03500902
     167     0.03110683
     168     0.02686019
     169     0.02243962
     170     0.01814578
     171     0.01439929
     172     0.01144030
     173     0.00909702
     174     0.00699375
     175     0.00495714
     176     0.00314098
     177     0.00182778
     178     0.00115126
     179     0.00092109
     180     0.00074755
     181     0.00044278
     182     0.00016644
     183     0.00008341
     184     0.00011213
     185     0.00009138
     186     0.00002291
     187     0.00000575
     188     0.00003034
     189     0.00002620
     190     0.00000895
     191     0.00001798
     192     0.00002834
     193     0.00002608
     194     0.00003801
     195     0.00005698
     196     0.00005729
     197     0.00003963
     198     0.00001909
     199     0.00000965
     200     0.00000549
     201     0.00000296
     202     0.00000189
     203     0.00000120
     204     0.00000080
     205     0.00000057
     206     0.00000040
     207     0.00000031
     208     0.00000023
     209     0.00000018
     210     0.00000015
     211     0.00000012
     212     0.00000010
     213     0.00000009
     214     0.00000008
     215     0.00000007
     216     0.00000006
     217     0.00000006
     218     0.00000005
     219     0.00000005
     220     0.00000005
     221     0.00000005
     222     0.00000004
     223     0.00000004
     224     0.00000005
     225     0.00000004
     226     0.00000004
     227     0.00000005
     228     0.00000004
     229     0.00000004
     230     0.00000005
     231     0.00000005
     232     0.00000005
     233     0.00000005
     234     0.00000005
     235     0.00000005
     236     0.00000006
     237     0.00000006
     238     0.00000006
     239     0.00000006
     240     0.00000006
     241     0.00000007
     242     0.00000007
     243     0.00000008
     244     0.00000008
     245     0.00000009
     246     0.00000009
     247     0.00000010
     248     0.00000011
     249     0.00000011
     250     0.00000012
     251     0.00000013
     252     0.00000014
     253     0.00000015
     254     0.00000015
     255     0.00000016
     256     0.00000016
     257     0.00000016
     258     0.00000016
     259     0.00000016
     260     0.00000015
     261     0.00000015
     262     0.00000015
     263     0.00000014
     264     0.00000014
     265     0.00000015
     266     0.00000016
     267     0.00000018
     268     0.00000020
     269     0.00000022
     270     0.00000024
     271     0.00000026
     272     0.00000027
     273     0.00000028
     274     0.00000028
     275     0.00000027
     276     0.00000026
     277     0.00000024
     278     0.00000023
     279     0.00000021
     280     0.00000020
     281     0.00000019
     282     0.00000018
     283     0.00000018
     284     0.00000019
     285     0.00000020
     286     0.00000023
     287     0.00000025
     288     0.00000027
     289     0.00000030
     290     0.00000032
     291     0.00000034
     292     0.00000036
     293     0.00000038
     294     0.00000038
     295     0.00000039
     296     0.00000039
     297     0.00000039
     298     0.00000038
     299     0.00000037
     300     0.00000036