#    Averaged Non-Adiabatic Coupling Matrix Eliments: off-diagonal
       0     0.00002734
       1     0.00002725
       2     0.00002669
       3     0.00002568
       4     0.00002432
       5     0.00002259
       6     0.00002057
       7     0.00001832
       8     0.00001597
       9     0.00001353
      10     0.00001215
      11     0.00001301
      12     0.00063590
      13     0.00019939
      14     0.00048781
      15     0.00033639
      16     0.00031797
      17     0.00032159
      18     0.00033109
      19     0.00069397
      20     0.00056859
      21     0.00053834
      22     0.00052747
      23     0.00052233
      24     0.00052153
      25     0.00052173
      26     0.00052165
      27     0.00052115
      28     0.00052003
      29     0.00051823
      30     0.00051569
      31     0.00051231
      32     0.00050806
      33     0.00050295
      34     0.00103004
      35     0.00067902
      36     0.00062158
      37     0.00059249
      38     0.00057129
      39     0.00055285
      40     0.00053538
      41     0.00051817
      42     0.00050088
      43     0.00048334
      44     0.00046550
      45     0.00044734
      46     0.00042890
      47     0.00041025
      48     0.00039151
      49     0.00037284
      50     0.00035442
      51     0.00033638
      52     0.00031890
      53     0.00030213
      54     0.00028621
      55     0.00027123
      56     0.00025727
      57     0.00024438
      58     0.00023260
      59     0.00022194
      60     0.00021240
      61     0.00020397
      62     0.00019662
      63     0.00019031
      64     0.00018499
      65     0.00018062
      66     0.00017704
      67     0.00017433
      68     0.00017236
      69     0.00017107
      70     0.00017044
      71     0.00017062
      72     0.00017122
      73     0.00017263
      74     0.00017454
      75     0.00017722
      76     0.00018644
      77     0.00020278
      78     0.00022025
      79     0.00023899
      80     0.00025905
      81     0.00028037
      82     0.00030258
      83     0.00032817
      84     0.00036555
      85     0.00040278
      86     0.00043737
      87     0.00046724
      88     0.00049135
      89     0.00051059
      90     0.00052791
      91     0.00054724
      92     0.00057386
      93     0.00061373
      94     0.00067410
      95     0.00076454
      96     0.00089837
      97     0.00109424
      98     0.00137565
      99     0.00176175
     100     0.00223200
     101     0.00265695
     102     0.00279823
     103     0.00254338
     104     0.00270922
     105     0.00186794
     106     0.00128473
     107     0.00092719
     108     0.00071404
     109     0.00059493
     110     0.00054437
     111     0.00055484
     112     0.00063401
     113     0.00081432
     114     0.00121149
     115     0.00213296
     116     0.00500632
     117     0.01593451
     118     0.00795590
     119     0.00498634
     120     0.00508746
     121     0.00355743
     122     0.00232639
     123     0.00161066
     124     0.00123202
     125     0.00111326
     126     0.00109277
     127     0.00114071
     128     0.00124249
     129     0.00138938
     130     0.00157228
     131     0.00177635
     132     0.00199601
     133     0.00220900
     134     0.00236460
     135     0.00247100
     136     0.00256509
     137     0.00270024
     138     0.00292745
     139     0.00326980
     140     0.00367391
     141     0.00395618
     142     0.00388826
     143     0.00344851
     144     0.00284784
     145     0.00294594
     146     0.00218344
     147     0.00166099
     148     0.00130536
     149     0.00108417
     150     0.00103161
     151     0.00104779
     152     0.00113250
     153     0.00129997
     154     0.00160384
     155     0.00212495
     156     0.00289630
     157     0.00393167
     158     0.00477582
     159     0.00573687
     160     0.00377242
     161     0.00252578
     162     0.00182298
     163     0.00138613
     164     0.00108619
     165     0.00086931
     166     0.00070916
     167     0.00058993
     168     0.00058670
     169     0.00058901
     170     0.00059348
     171     0.00060113
     172     0.00061241
     173     0.00062816
     174     0.00064929
     175     0.00067706
     176     0.00071334
     177     0.00075991
     178     0.00081776
     179     0.00088336
     180     0.00094101
     181     0.00095871
     182     0.00091326
     183     0.00082498
     184     0.00073231
     185     0.00065612
     186     0.00060060
     187     0.00056365
     188     0.00054270
     189     0.00053628
     190     0.00054450
     191     0.00056965
     192     0.00061646
     193     0.00069295
     194     0.00080612
     195     0.00093273
     196     0.00095604
     197     0.00080160
     198     0.00060608
     199     0.00045610
     200     0.00035208
     201     0.00028089
     202     0.00023021
     203     0.00019297
     204     0.00016485
     205     0.00014312
     206     0.00012599
     207     0.00011216
     208     0.00010093
     209     0.00009166
     210     0.00008382
     211     0.00007714
     212     0.00007135
     213     0.00006623
     214     0.00006173
     215     0.00005768
     216     0.00005519
     217     0.00005343
     218     0.00005191
     219     0.00005057
     220     0.00004985
     221     0.00005028
     222     0.00005074
     223     0.00005127
     224     0.00005181
     225     0.00005234
     226     0.00005293
     227     0.00005348
     228     0.00005400
     229     0.00005448
     230     0.00005493
     231     0.00005530
     232     0.00005567
     233     0.00005600
     234     0.00005629
     235     0.00005655
     236     0.00005678
     237     0.00005699
     238     0.00005719
     239     0.00005844
     240     0.00006027
     241     0.00006209
     242     0.00006394
     243     0.00006576
     244     0.00006757
     245     0.00006939
     246     0.00007119
     247     0.00007302
     248     0.00007477
     249     0.00007648
     250     0.00007813
     251     0.00007969
     252     0.00008309
     253     0.00008630
     254     0.00008927
     255     0.00009194
     256     0.00009422
     257     0.00009605
     258     0.00009736
     259     0.00009809
     260     0.00009819
     261     0.00009768
     262     0.00009647
     263     0.00009464
     264     0.00009229
     265     0.00008946
     266     0.00009436
     267     0.00010282
     268     0.00011079
     269     0.00011797
     270     0.00012418
     271     0.00012918
     272     0.00013281
     273     0.00013495
     274     0.00013553
     275     0.00013452
     276     0.00013201
     277     0.00012800
     278     0.00012268
     279     0.00011618
     280     0.00010884
     281     0.00010738
     282     0.00011015
     283     0.00011248
     284     0.00011442
     285     0.00011586
     286     0.00012277
     287     0.00013207
     288     0.00014074
     289     0.00014868
     290     0.00015574
     291     0.00016186
     292     0.00016695
     293     0.00017104
     294     0.00017393
     295     0.00017554
     296     0.00017614
     297     0.00017559
     298     0.00017396
     299     0.00017114
     300     0.00016738