#    Density matrix based averaged BO population
       0     0.00000000     1.00000000
       1     0.00000004     0.99999996
       2     0.00000001     0.99999999
       3     0.00000001     0.99999999
       4     0.00000001     0.99999999
       5     0.00000000     1.00000000
       6     0.00000001     0.99999999
       7     0.00000000     1.00000000
       8     0.00000000     1.00000000
       9     0.00000000     1.00000000
      10     0.00000000     1.00000000
      11     0.00000000     1.00000000
      12     0.00001921     0.99998079
      13     0.00002174     0.99997826
      14     0.00000826     0.99999174
      15     0.00001408     0.99998592
      16     0.00000033     0.99999967
      17     0.00000521     0.99999479
      18     0.00000207     0.99999793
      19     0.00000852     0.99999148
      20     0.00001381     0.99998619
      21     0.00000293     0.99999707
      22     0.00000742     0.99999258
      23     0.00000542     0.99999458
      24     0.00000531     0.99999469
      25     0.00000664     0.99999336
      26     0.00000616     0.99999384
      27     0.00000678     0.99999322
      28     0.00000731     0.99999269
      29     0.00000746     0.99999254
      30     0.00000790     0.99999210
      31     0.00000826     0.99999174
      32     0.00000847     0.99999153
      33     0.00000871     0.99999129
      34     0.00003121     0.99996879
      35     0.00005785     0.99994215
      36     0.00001818     0.99998182
      37     0.00002423     0.99997577
      38     0.00002500     0.99997500
      39     0.00001004     0.99998996
      40     0.00001411     0.99998589
      41     0.00001442     0.99998558
      42     0.00000852     0.99999148
      43     0.00000988     0.99999012
      44     0.00001063     0.99998937
      45     0.00000839     0.99999161
      46     0.00000812     0.99999188
      47     0.00000853     0.99999147
      48     0.00000776     0.99999224
      49     0.00000704     0.99999296
      50     0.00000690     0.99999310
      51     0.00000662     0.99999338
      52     0.00000606     0.99999394
      53     0.00000562     0.99999438
      54     0.00000531     0.99999469
      55     0.00000497     0.99999503
      56     0.00000457     0.99999543
      57     0.00000420     0.99999580
      58     0.00000389     0.99999611
      59     0.00000360     0.99999640
      60     0.00000330     0.99999670
      61     0.00000303     0.99999697
      62     0.00000279     0.99999721
      63     0.00000258     0.99999742
      64     0.00000239     0.99999761
      65     0.00000223     0.99999777
      66     0.00000210     0.99999790
      67     0.00000199     0.99999801
      68     0.00000192     0.99999808
      69     0.00000189     0.99999811
      70     0.00000188     0.99999812
      71     0.00000192     0.99999808
      72     0.00000199     0.99999801
      73     0.00000211     0.99999789
      74     0.00000228     0.99999772
      75     0.00000250     0.99999750
      76     0.00000280     0.99999720
      77     0.00000319     0.99999681
      78     0.00000370     0.99999630
      79     0.00000434     0.99999566
      80     0.00000518     0.99999482
      81     0.00000625     0.99999375
      82     0.00000764     0.99999236
      83     0.00000939     0.99999061
      84     0.00001153     0.99998847
      85     0.00001405     0.99998595
      86     0.00001691     0.99998309
      87     0.00002011     0.99997989
      88     0.00002398     0.99997602
      89     0.00002956     0.99997044
      90     0.00003910     0.99996090
      91     0.00005671     0.99994329
      92     0.00008984     0.99991016
      93     0.00015211     0.99984789
      94     0.00026931     0.99973069
      95     0.00049166     0.99950834
      96     0.00091920     0.99908080
      97     0.00175430     0.99824570
      98     0.00340564     0.99659436
      99     0.00666363     0.99333637
     100     0.01285517     0.98714483
     101     0.02347470     0.97652530
     102     0.03856188     0.96143812
     103     0.06590969     0.93409031
     104     0.09337748     0.90662252
     105     0.11628620     0.88371380
     106     0.13132842     0.86867158
     107     0.14142785     0.85857215
     108     0.14882099     0.85117901
     109     0.15488932     0.84511068
     110     0.16043319     0.83956681
     111     0.16586612     0.83413388
     112     0.17132915     0.82867085
     113     0.17679753     0.82320247
     114     0.18227775     0.81772225
     115     0.18843384     0.81156616
     116     0.20100377     0.79899623
     117     0.27746116     0.72253884
     118     0.38018217     0.61981783
     119     0.42681351     0.57318649
     120     0.46957206     0.53042794
     121     0.50971126     0.49028874
     122     0.53503306     0.46496694
     123     0.54940561     0.45059439
     124     0.55791335     0.44208665
     125     0.56361979     0.43638021
     126     0.56813880     0.43186120
     127     0.57221009     0.42778991
     128     0.57614934     0.42385066
     129     0.58020173     0.41979827
     130     0.58464362     0.41535638
     131     0.58965862     0.41034138
     132     0.59524677     0.40475323
     133     0.60128647     0.39871353
     134     0.60757285     0.39242715
     135     0.61376071     0.38623929
     136     0.61944950     0.38055050
     137     0.62449827     0.37550173
     138     0.62929336     0.37070664
     139     0.63481138     0.36518862
     140     0.64251424     0.35748576
     141     0.65357572     0.34642428
     142     0.66717102     0.33282898
     143     0.68015989     0.31984011
     144     0.70157526     0.29842474
     145     0.72094256     0.27905744
     146     0.73672168     0.26327832
     147     0.74735577     0.25264423
     148     0.75521720     0.24478280
     149     0.76192662     0.23807338
     150     0.76838738     0.23161262
     151     0.77494458     0.22505542
     152     0.78161314     0.21838686
     153     0.78824636     0.21175364
     154     0.79462957     0.20537043
     155     0.80074892     0.19925108
     156     0.80744429     0.19255571
     157     0.81733063     0.18266937
     158     0.83891548     0.16108452
     159     0.87085152     0.12914848
     160     0.90150533     0.09849467
     161     0.91938475     0.08061525
     162     0.92985438     0.07014562
     163     0.93694097     0.06305903
     164     0.94284035     0.05715965
     165     0.94871513     0.05128487
     166     0.95497958     0.04502042
     167     0.96152860     0.03847140
     168     0.96806352     0.03193648
     169     0.97428001     0.02571999
     170     0.97983636     0.02016364
     171     0.98438336     0.01561664
     172     0.98781852     0.01218148
     173     0.99045007     0.00954993
     174     0.99274505     0.00725495
     175     0.99491396     0.00508604
     176     0.99680864     0.00319136
     177     0.99815574     0.00184426
     178     0.99884231     0.00115769
     179     0.99907488     0.00092512
     180     0.99924991     0.00075009
     181     0.99955638     0.00044362
     182     0.99983346     0.00016654
     183     0.99991657     0.00008343
     184     0.99988782     0.00011218
     185     0.99990858     0.00009142
     186     0.99997709     0.00002291
     187     0.99999425     0.00000575
     188     0.99996965     0.00003035
     189     0.99997380     0.00002620
     190     0.99999105     0.00000895
     191     0.99998202     0.00001798
     192     0.99997166     0.00002834
     193     0.99997392     0.00002608
     194     0.99996198     0.00003802
     195     0.99994300     0.00005700
     196     0.99994270     0.00005730
     197     0.99996037     0.00003963
     198     0.99998090     0.00001910
     199     0.99999035     0.00000965
     200     0.99999451     0.00000549
     201     0.99999704     0.00000296
     202     0.99999811     0.00000189
     203     0.99999880     0.00000120
     204     0.99999920     0.00000080
     205     0.99999943     0.00000057
     206     0.99999960     0.00000040
     207     0.99999969     0.00000031
     208     0.99999977     0.00000023
     209     0.99999982     0.00000018
     210     0.99999985     0.00000015
     211     0.99999988     0.00000012
     212     0.99999990     0.00000010
     213     0.99999991     0.00000009
     214     0.99999992     0.00000008
     215     0.99999993     0.00000007
     216     0.99999994     0.00000006
     217     0.99999994     0.00000006
     218     0.99999995     0.00000005
     219     0.99999995     0.00000005
     220     0.99999995     0.00000005
     221     0.99999995     0.00000005
     222     0.99999996     0.00000004
     223     0.99999996     0.00000004
     224     0.99999995     0.00000005
     225     0.99999996     0.00000004
     226     0.99999996     0.00000004
     227     0.99999995     0.00000005
     228     0.99999996     0.00000004
     229     0.99999996     0.00000004
     230     0.99999995     0.00000005
     231     0.99999995     0.00000005
     232     0.99999995     0.00000005
     233     0.99999995     0.00000005
     234     0.99999995     0.00000005
     235     0.99999995     0.00000005
     236     0.99999994     0.00000006
     237     0.99999994     0.00000006
     238     0.99999994     0.00000006
     239     0.99999994     0.00000006
     240     0.99999994     0.00000006
     241     0.99999993     0.00000007
     242     0.99999993     0.00000007
     243     0.99999992     0.00000008
     244     0.99999992     0.00000008
     245     0.99999991     0.00000009
     246     0.99999991     0.00000009
     247     0.99999990     0.00000010
     248     0.99999989     0.00000011
     249     0.99999989     0.00000011
     250     0.99999988     0.00000012
     251     0.99999987     0.00000013
     252     0.99999986     0.00000014
     253     0.99999985     0.00000015
     254     0.99999985     0.00000015
     255     0.99999984     0.00000016
     256     0.99999984     0.00000016
     257     0.99999984     0.00000016
     258     0.99999984     0.00000016
     259     0.99999984     0.00000016
     260     0.99999985     0.00000015
     261     0.99999985     0.00000015
     262     0.99999985     0.00000015
     263     0.99999986     0.00000014
     264     0.99999986     0.00000014
     265     0.99999985     0.00000015
     266     0.99999984     0.00000016
     267     0.99999982     0.00000018
     268     0.99999980     0.00000020
     269     0.99999978     0.00000022
     270     0.99999976     0.00000024
     271     0.99999974     0.00000026
     272     0.99999973     0.00000027
     273     0.99999972     0.00000028
     274     0.99999972     0.00000028
     275     0.99999973     0.00000027
     276     0.99999974     0.00000026
     277     0.99999976     0.00000024
     278     0.99999977     0.00000023
     279     0.99999979     0.00000021
     280     0.99999980     0.00000020
     281     0.99999981     0.00000019
     282     0.99999982     0.00000018
     283     0.99999982     0.00000018
     284     0.99999981     0.00000019
     285     0.99999980     0.00000020
     286     0.99999977     0.00000023
     287     0.99999975     0.00000025
     288     0.99999973     0.00000027
     289     0.99999970     0.00000030
     290     0.99999968     0.00000032
     291     0.99999966     0.00000034
     292     0.99999964     0.00000036
     293     0.99999962     0.00000038
     294     0.99999962     0.00000038
     295     0.99999961     0.00000039
     296     0.99999961     0.00000039
     297     0.99999961     0.00000039
     298     0.99999962     0.00000038
     299     0.99999963     0.00000037
     300     0.99999964     0.00000036