#    Averaged Non-Adiabatic Coupling Matrix Eliments: off-diagonal
       0     0.00026982
       1     0.00026382
       2     0.00029788
       3     0.00038566
       4     0.00057263
       5     0.00077751
       6     0.00098762
       7     0.00117005
       8     0.00128998
       9     0.00134030
      10     0.00133948
      11     0.00130780
      12     0.00125860
      13     0.00119846
      14     0.00112789
      15     0.00104315
      16     0.00093871
      17     0.00081065
      18     0.00065888
      19     0.00048856
      20     0.00032664
      21     0.00023120
      22     0.00022745
      23     0.00035657
      24     0.00045072
      25     0.00050959
      26     0.00053662
      27     0.00053728
      28     0.00051851
      29     0.00055108
      30     0.00057882
      31     0.00060293
      32     0.00062378
      33     0.00064076
      34     0.00065233
      35     0.00065580
      36     0.00064775
      37     0.00062460
      38     0.00058367
      39     0.00052409
      40     0.00044684
      41     0.00035466
      42     0.00025139
      43     0.00015893
      44     0.00014033
      45     0.00014738
      46     0.00018062
      47     0.00025514
      48     0.00032052
      49     0.00036739
      50     0.00039616
      51     0.00040839
      52     0.00040626
      53     0.00039208
      54     0.00036839
      55     0.00033787
      56     0.00030349
      57     0.00026862
      58     0.00023676
      59     0.00021097
      60     0.00025076
      61     0.00029562
      62     0.00033733
      63     0.00036980
      64     0.00038802
      65     0.00038875
      66     0.00038521
      67     0.00039042
      68     0.00038296
      69     0.00036264
      70     0.00032972
      71     0.00029860
      72     0.00030238
      73     0.00029157
      74     0.00031774
      75     0.00033317
      76     0.00032828
      77     0.00030173
      78     0.00025416
      79     0.00018878
      80     0.00011642
      81     0.00014332
      82     0.00021229
      83     0.00027165
      84     0.00031638
      85     0.00034271
      86     0.00034791
      87     0.00032985
      88     0.00028749
      89     0.00026446
      90     0.00030641
      91     0.00035957
      92     0.00042678
      93     0.00051029
      94     0.00061034
      95     0.00073153
      96     0.00089449
      97     0.00108237
      98     0.00128389
      99     0.00148478
     100     0.00165711
     101     0.00174507
     102     0.00169308
     103     0.00151118
     104     0.00126272
     105     0.00099734
     106     0.00071339
     107     0.00043236
     108     0.00115254
     109     0.00311905
     110     0.00621535
     111     0.00280147
     112     0.00104332
     113     0.00044756
     114     0.00024293
     115     0.00028032
     116     0.00034994
     117     0.00038558
     118     0.00039852
     119     0.00039523
     120     0.00038045
     121     0.00041783
     122     0.00045666
     123     0.00049035
     124     0.00051968
     125     0.00054457
     126     0.00056407
     127     0.00057677
     128     0.00058086
     129     0.00057490
     130     0.00059659
     131     0.00062787
     132     0.00065009
     133     0.00066327
     134     0.00066803
     135     0.00066490
     136     0.00065400
     137     0.00063600
     138     0.00063077
     139     0.00070483
     140     0.00077864
     141     0.00090680
     142     0.00106392
     143     0.00118572
     144     0.00124048
     145     0.00123462
     146     0.00118296
     147     0.00109815
     148     0.00098032
     149     0.00080734
     150     0.00048672
     151     0.00111783
     152     0.00670048
     153     0.00470025
     154     0.00076316
     155     0.00020141
     156     0.00032885
     157     0.00034540
     158     0.00040446
     159     0.00043390
     160     0.00044511
     161     0.00044742
     162     0.00044844
     163     0.00046692
     164     0.00050170
     165     0.00054732
     166     0.00060320
     167     0.00066907
     168     0.00074641
     169     0.00083891
     170     0.00095161
     171     0.00108563
     172     0.00122875
     173     0.00136224
     174     0.00144368
     175     0.00143530
     176     0.00136037
     177     0.00126278
     178     0.00116729
     179     0.00117538
     180     0.00145783
     181     0.00166503
     182     0.00178772
     183     0.00182577
     184     0.00177426
     185     0.00162366
     186     0.00137936
     187     0.00115620
     188     0.00092537
     189     0.00082234
     190     0.00084158
     191     0.00098559
     192     0.00145955
     193     0.00261751
     194     0.00400361
     195     0.00315575
     196     0.00183190
     197     0.00115875
     198     0.00082304
     199     0.00062315
     200     0.00048102
     201     0.00036919
     202     0.00034592
     203     0.00036161
     204     0.00037999
     205     0.00039605
     206     0.00040453
     207     0.00041691
     208     0.00125933
     209     0.00123221
     210     0.00126769
     211     0.00139803
     212     0.00256293
     213     0.00188154
     214     0.00117760
     215     0.00075574
     216     0.00052336
     217     0.00039022
     218     0.00051258
     219     0.00060675
     220     0.00065379
     221     0.00066513
     222     0.00064925
     223     0.00061393
     224     0.00056642
     225     0.00051312
     226     0.00051150
     227     0.00053274
     228     0.00054614
     229     0.00054916
     230     0.00053998
     231     0.00051830
     232     0.00053845
     233     0.00056451
     234     0.00058560
     235     0.00059421
     236     0.00058142
     237     0.00054243
     238     0.00047986
     239     0.00040198
     240     0.00034457
     241     0.00040661
     242     0.00042546
     243     0.00041756
     244     0.00039418
     245     0.00036026
     246     0.00031998
     247     0.00029649
     248     0.00028689
     249     0.00027917
     250     0.00026066
     251     0.00024229
     252     0.00023518
     253     0.00023953
     254     0.00025065
     255     0.00026569
     256     0.00028333
     257     0.00029636
     258     0.00030239
     259     0.00029990
     260     0.00028755
     261     0.00026409
     262     0.00022831
     263     0.00019722
     264     0.00019947
     265     0.00018476
     266     0.00015411
     267     0.00012575
     268     0.00016547
     269     0.00020661
     270     0.00024153
     271     0.00026167
     272     0.00026951
     273     0.00026828
     274     0.00026153
     275     0.00025144
     276     0.00023862
     277     0.00022228
     278     0.00020066
     279     0.00020058
     280     0.00021081
     281     0.00021761
     282     0.00021997
     283     0.00021634
     284     0.00020500
     285     0.00018391
     286     0.00021508
     287     0.00028092
     288     0.00035140
     289     0.00042545
     290     0.00050082
     291     0.00057429
     292     0.00064121
     293     0.00069578
     294     0.00073178
     295     0.00074371
     296     0.00072769
     297     0.00068068
     298     0.00060099
     299     0.00048594
     300     0.00033737
     301     0.00035167
     302     0.00043899
     303     0.00089694
     304     0.00216528
     305     0.00546542
     306     0.00464989
     307     0.00188784
     308     0.00092444
     309     0.00049427
     310     0.00037602
     311     0.00048050
     312     0.00058208
     313     0.00069004
     314     0.00081726
     315     0.00096889
     316     0.00114277
     317     0.00132620
     318     0.00149592
     319     0.00162593
     320     0.00170060
     321     0.00170372
     322     0.00164989
     323     0.00156941
     324     0.00149400
     325     0.00144560
     326     0.00143137
     327     0.00144739
     328     0.00148021
     329     0.00150979
     330     0.00151261
     331     0.00146836
     332     0.00141301
     333     0.00131888
     334     0.00118849
     335     0.00102544
     336     0.00080358
     337     0.00047852
     338     0.00268247
     339     0.01205506
     340     0.00114582
     341     0.00030402
     342     0.00043031
     343     0.00042602
     344     0.00030644
     345     0.00092881
     346     0.00612173
     347     0.00513149
     348     0.00072420
     349     0.00026145
     350     0.00038916
     351     0.00048171
     352     0.00052739
     353     0.00054272
     354     0.00053570
     355     0.00051099
     356     0.00047175
     357     0.00042396
     358     0.00037657
     359     0.00032902
     360     0.00028810
     361     0.00108417
     362     0.00091853
     363     0.00068826
     364     0.00046409
     365     0.00027467
     366     0.00012224
     367     0.00009679
     368     0.00021614
     369     0.00031361
     370     0.00039402
     371     0.00046213
     372     0.00052242
     373     0.00057905
     374     0.00063570
     375     0.00069607
     376     0.00076436
     377     0.00084753
     378     0.00095865
     379     0.00112213
     380     0.00127044
     381     0.00136770
     382     0.00092472
     383     0.00059748
     384     0.00041130
     385     0.00028577
     386     0.00018789
     387     0.00010566
     388     0.00006062
     389     0.00007500
     390     0.00012497
     391     0.00016265
     392     0.00019149
     393     0.00020431
     394     0.00020083
     395     0.00018247
     396     0.00015208
     397     0.00011315
     398     0.00006925
     399     0.00008071
     400     0.00012181
     401     0.00016246
     402     0.00020115
     403     0.00023700
     404     0.00026864
     405     0.00029447
     406     0.00031329
     407     0.00032610
     408     0.00033631
     409     0.00034573
     410     0.00035395
     411     0.00036038
     412     0.00036625
     413     0.00037396
     414     0.00038599
     415     0.00040282
     416     0.00042132
     417     0.00043439
     418     0.00043120
     419     0.00040721
     420     0.00043025
     421     0.00044102
     422     0.00042555
     423     0.00036982
     424     0.00026458
     425     0.00031321
     426     0.00043775
     427     0.00058773
     428     0.00079685
     429     0.00098230
     430     0.00107179
     431     0.00109072
     432     0.00099391
     433     0.00084749
     434     0.00069812
     435     0.00056096
     436     0.00043460
     437     0.00031414
     438     0.00027612
     439     0.00033261
     440     0.00040335
     441     0.00051099
     442     0.00069658
     443     0.00105826
     444     0.00188741
     445     0.00394963
     446     0.00473541
     447     0.00174535
     448     0.00076578
     449     0.00040380
     450     0.00024010
     451     0.00014565
     452     0.00016646
     453     0.00026137
     454     0.00036685
     455     0.00053602
     456     0.00074520
     457     0.00103094
     458     0.00145834
     459     0.00210399
     460     0.00285209
     461     0.00304680
     462     0.00243816
     463     0.00172673
     464     0.00123284
     465     0.00092029
     466     0.00071777
     467     0.00058155
     468     0.00048465
     469     0.00041177
     470     0.00035573
     471     0.00031368
     472     0.00028586
     473     0.00028620
     474     0.00030696
     475     0.00038592
     476     0.00049484
     477     0.00064419
     478     0.00085160
     479     0.00113264
     480     0.00147012
     481     0.00175517
     482     0.00179902
     483     0.00154965
     484     0.00116473
     485     0.00078871
     486     0.00045666
     487     0.00016697
     488     0.00039199
     489     0.00093680
     490     0.00209307
     491     0.00431614
     492     0.00393681
     493     0.00204464
     494     0.00083053
     495     0.00042125
     496     0.00025958
     497     0.00022550
     498     0.00027708
     499     0.00030449
     500     0.00031934
     501     0.00032859
     502     0.00033451
     503     0.00032959
     504     0.00030993
     505     0.00033106
     506     0.00032832
     507     0.00030000
     508     0.00026155
     509     0.00024219
     510     0.00032442
     511     0.00038510
     512     0.00042402
     513     0.00045074
     514     0.00048534
     515     0.00049755
     516     0.00048865
     517     0.00046233
     518     0.00042272
     519     0.00037219
     520     0.00031152
     521     0.00028461
     522     0.00026211
     523     0.00022494
     524     0.00017586
     525     0.00024325
     526     0.00030943
     527     0.00035916
     528     0.00039163
     529     0.00040796
     530     0.00041063
     531     0.00040447
     532     0.00039429
     533     0.00038493
     534     0.00038102
     535     0.00038940
     536     0.00042758
     537     0.00047270
     538     0.00052043
     539     0.00056060
     540     0.00057736
     541     0.00055926
     542     0.00053650
     543     0.00056761
     544     0.00043460
     545     0.00056524
     546     0.00036536
     547     0.00030534
     548     0.00031541
     549     0.00033496
     550     0.00028115
     551     0.00024720
     552     0.00025756
     553     0.00027393
     554     0.00028727
     555     0.00029679
     556     0.00030089
     557     0.00035723
     558     0.00038558
     559     0.00038128
     560     0.00034625
     561     0.00028940
     562     0.00023440
     563     0.00024231
     564     0.00024574
     565     0.00024662
     566     0.00024637
     567     0.00029445
     568     0.00034710
     569     0.00040909
     570     0.00048056
     571     0.00054053
     572     0.00057828
     573     0.00059119
     574     0.00058119
     575     0.00054612
     576     0.00048668
     577     0.00042910
     578     0.00035355
     579     0.00027569
     580     0.00027133
     581     0.00027997
     582     0.00029008
     583     0.00029760
     584     0.00029689
     585     0.00029407
     586     0.00030538
     587     0.00030313
     588     0.00031379
     589     0.00035290
     590     0.00036012
     591     0.00043278
     592     0.00045431
     593     0.00045957
     594     0.00044563
     595     0.00041153
     596     0.00036230
     597     0.00030348
     598     0.00022855
     599     0.00022137
     600     0.00023600