#    Running state based averaged BO population
       0     0.00000000     1.00000000
       1     0.00000000     1.00000000
       2     0.00000000     1.00000000
       3     0.00000000     1.00000000
       4     0.00000000     1.00000000
       5     0.00000000     1.00000000
       6     0.00000000     1.00000000
       7     0.00000000     1.00000000
       8     0.00000000     1.00000000
       9     0.00000000     1.00000000
      10     0.00000000     1.00000000
      11     0.00000000     1.00000000
      12     0.00000000     1.00000000
      13     0.00000000     1.00000000
      14     0.00000000     1.00000000
      15     0.00000000     1.00000000
      16     0.00000000     1.00000000
      17     0.00000000     1.00000000
      18     0.00000000     1.00000000
      19     0.00000000     1.00000000
      20     0.00000000     1.00000000
      21     0.00000000     1.00000000
      22     0.00000000     1.00000000
      23     0.00000000     1.00000000
      24     0.00000000     1.00000000
      25     0.00000000     1.00000000
      26     0.00000000     1.00000000
      27     0.00000000     1.00000000
      28     0.00000000     1.00000000
      29     0.00000000     1.00000000
      30     0.00000000     1.00000000
      31     0.00000000     1.00000000
      32     0.00000000     1.00000000
      33     0.00000000     1.00000000
      34     0.00000000     1.00000000
      35     0.00000000     1.00000000
      36     0.00000000     1.00000000
      37     0.00000000     1.00000000
      38     0.00000000     1.00000000
      39     0.00000000     1.00000000
      40     0.00000000     1.00000000
      41     0.00000000     1.00000000
      42     0.00000000     1.00000000
      43     0.00000000     1.00000000
      44     0.00000000     1.00000000
      45     0.00000000     1.00000000
      46     0.00000000     1.00000000
      47     0.00000000     1.00000000
      48     0.00000000     1.00000000
      49     0.00000000     1.00000000
      50     0.00000000     1.00000000
      51     0.00000000     1.00000000
      52     0.00000000     1.00000000
      53     0.00000000     1.00000000
      54     0.00000000     1.00000000
      55     0.00000000     1.00000000
      56     0.00000000     1.00000000
      57     0.00000000     1.00000000
      58     0.00000000     1.00000000
      59     0.00000000     1.00000000
      60     0.00000000     1.00000000
      61     0.00000000     1.00000000
      62     0.00000000     1.00000000
      63     0.00000000     1.00000000
      64     0.00000000     1.00000000
      65     0.00000000     1.00000000
      66     0.00000000     1.00000000
      67     0.00000000     1.00000000
      68     0.00000000     1.00000000
      69     0.00000000     1.00000000
      70     0.00000000     1.00000000
      71     0.00000000     1.00000000
      72     0.00000000     1.00000000
      73     0.00000000     1.00000000
      74     0.00000000     1.00000000
      75     0.00000000     1.00000000
      76     0.00000000     1.00000000
      77     0.00000000     1.00000000
      78     0.00000000     1.00000000
      79     0.00000000     1.00000000
      80     0.00000000     1.00000000
      81     0.00000000     1.00000000
      82     0.00000000     1.00000000
      83     0.00000000     1.00000000
      84     0.00000000     1.00000000
      85     0.00000000     1.00000000
      86     0.00000000     1.00000000
      87     0.00000000     1.00000000
      88     0.00000000     1.00000000
      89     0.00000000     1.00000000
      90     0.00000000     1.00000000
      91     0.00000000     1.00000000
      92     0.00000000     1.00000000
      93     0.00000000     1.00000000
      94     0.00000000     1.00000000
      95     0.00000000     1.00000000
      96     0.00000000     1.00000000
      97     0.00000000     1.00000000
      98     0.00000000     1.00000000
      99     0.00000000     1.00000000
     100     0.00000000     1.00000000
     101     0.00000000     1.00000000
     102     0.00000000     1.00000000
     103     0.00000000     1.00000000
     104     0.00000000     1.00000000
     105     0.00000000     1.00000000
     106     0.00000000     1.00000000
     107     0.00000000     1.00000000
     108     0.00000000     1.00000000
     109     0.00000000     1.00000000
     110     0.00000000     1.00000000
     111     0.00000000     1.00000000
     112     0.00000000     1.00000000
     113     0.00000000     1.00000000
     114     0.00000000     1.00000000
     115     0.00000000     1.00000000
     116     0.00000000     1.00000000
     117     0.00000000     1.00000000
     118     0.00000000     1.00000000
     119     0.00000000     1.00000000
     120     0.00000000     1.00000000
     121     0.00000000     1.00000000
     122     0.00000000     1.00000000
     123     0.00000000     1.00000000
     124     0.00000000     1.00000000
     125     0.00000000     1.00000000
     126     0.00000000     1.00000000
     127     0.00000000     1.00000000
     128     0.00000000     1.00000000
     129     0.00000000     1.00000000
     130     0.00000000     1.00000000
     131     0.00000000     1.00000000
     132     0.00000000     1.00000000
     133     0.00000000     1.00000000
     134     0.00000000     1.00000000
     135     0.00000000     1.00000000
     136     0.00000000     1.00000000
     137     0.00000000     1.00000000
     138     0.00000000     1.00000000
     139     0.00000000     1.00000000
     140     0.00000000     1.00000000
     141     0.00000000     1.00000000
     142     0.00000000     1.00000000
     143     0.00000000     1.00000000
     144     0.00000000     1.00000000
     145     0.00000000     1.00000000
     146     0.00000000     1.00000000
     147     0.00000000     1.00000000
     148     0.00000000     1.00000000
     149     0.00000000     1.00000000
     150     0.00000000     1.00000000
     151     0.00000000     1.00000000
     152     0.00000000     1.00000000
     153     0.00000000     1.00000000
     154     0.00000000     1.00000000
     155     0.00000000     1.00000000
     156     0.00000000     1.00000000
     157     0.00000000     1.00000000
     158     0.00000000     1.00000000
     159     0.00000000     1.00000000
     160     0.00000000     1.00000000
     161     0.00000000     1.00000000
     162     0.00000000     1.00000000
     163     0.00000000     1.00000000
     164     0.00000000     1.00000000
     165     0.00000000     1.00000000
     166     0.00000000     1.00000000
     167     0.00000000     1.00000000
     168     0.00000000     1.00000000
     169     0.00000000     1.00000000
     170     0.00000000     1.00000000
     171     0.00000000     1.00000000
     172     0.00000000     1.00000000
     173     0.00000000     1.00000000
     174     0.00000000     1.00000000
     175     0.00000000     1.00000000
     176     0.00000000     1.00000000
     177     0.00000000     1.00000000
     178     0.00000000     1.00000000
     179     0.00000000     1.00000000
     180     0.00000000     1.00000000
     181     0.00000000     1.00000000
     182     0.00000000     1.00000000
     183     0.00000000     1.00000000
     184     0.00000000     1.00000000
     185     0.00000000     1.00000000
     186     0.00000000     1.00000000
     187     0.00000000     1.00000000
     188     0.00000000     1.00000000
     189     0.00000000     1.00000000
     190     0.00000000     1.00000000
     191     0.00000000     1.00000000
     192     0.00000000     1.00000000
     193     0.00000000     1.00000000
     194     0.00000000     1.00000000
     195     0.00000000     1.00000000
     196     0.00000000     1.00000000
     197     0.00000000     1.00000000
     198     0.00000000     1.00000000
     199     0.00000000     1.00000000
     200     0.00000000     1.00000000
     201     0.00000000     1.00000000
     202     0.00000000     1.00000000
     203     0.00000000     1.00000000
     204     0.00000000     1.00000000
     205     0.00000000     1.00000000
     206     0.00000000     1.00000000
     207     0.25000000     0.75000000
     208     0.25000000     0.75000000
     209     0.25000000     0.75000000
     210     0.25000000     0.75000000
     211     0.50000000     0.50000000
     212     0.50000000     0.50000000
     213     0.50000000     0.50000000
     214     0.50000000     0.50000000
     215     0.50000000     0.50000000
     216     0.50000000     0.50000000
     217     0.50000000     0.50000000
     218     0.50000000     0.50000000
     219     0.50000000     0.50000000
     220     0.50000000     0.50000000
     221     0.50000000     0.50000000
     222     0.50000000     0.50000000
     223     0.50000000     0.50000000
     224     0.50000000     0.50000000
     225     0.50000000     0.50000000
     226     0.50000000     0.50000000
     227     0.50000000     0.50000000
     228     0.50000000     0.50000000
     229     0.50000000     0.50000000
     230     0.50000000     0.50000000
     231     0.50000000     0.50000000
     232     0.50000000     0.50000000
     233     0.50000000     0.50000000
     234     0.50000000     0.50000000
     235     0.50000000     0.50000000
     236     0.50000000     0.50000000
     237     0.50000000     0.50000000
     238     0.50000000     0.50000000
     239     0.50000000     0.50000000
     240     0.50000000     0.50000000
     241     0.50000000     0.50000000
     242     0.50000000     0.50000000
     243     0.50000000     0.50000000
     244     0.50000000     0.50000000
     245     0.50000000     0.50000000
     246     0.50000000     0.50000000
     247     0.50000000     0.50000000
     248     0.50000000     0.50000000
     249     0.50000000     0.50000000
     250     0.50000000     0.50000000
     251     0.50000000     0.50000000
     252     0.50000000     0.50000000
     253     0.50000000     0.50000000
     254     0.50000000     0.50000000
     255     0.50000000     0.50000000
     256     0.50000000     0.50000000
     257     0.50000000     0.50000000
     258     0.50000000     0.50000000
     259     0.50000000     0.50000000
     260     0.50000000     0.50000000
     261     0.50000000     0.50000000
     262     0.50000000     0.50000000
     263     0.50000000     0.50000000
     264     0.50000000     0.50000000
     265     0.50000000     0.50000000
     266     0.50000000     0.50000000
     267     0.50000000     0.50000000
     268     0.50000000     0.50000000
     269     0.50000000     0.50000000
     270     0.50000000     0.50000000
     271     0.50000000     0.50000000
     272     0.50000000     0.50000000
     273     0.50000000     0.50000000
     274     0.50000000     0.50000000
     275     0.50000000     0.50000000
     276     0.50000000     0.50000000
     277     0.50000000     0.50000000
     278     0.50000000     0.50000000
     279     0.50000000     0.50000000
     280     0.50000000     0.50000000
     281     0.50000000     0.50000000
     282     0.50000000     0.50000000
     283     0.50000000     0.50000000
     284     0.50000000     0.50000000
     285     0.50000000     0.50000000
     286     0.50000000     0.50000000
     287     0.50000000     0.50000000
     288     0.50000000     0.50000000
     289     0.50000000     0.50000000
     290     0.50000000     0.50000000
     291     0.50000000     0.50000000
     292     0.50000000     0.50000000
     293     0.50000000     0.50000000
     294     0.50000000     0.50000000
     295     0.50000000     0.50000000
     296     0.50000000     0.50000000
     297     0.50000000     0.50000000
     298     0.50000000     0.50000000
     299     0.50000000     0.50000000
     300     0.50000000     0.50000000
     301     0.50000000     0.50000000
     302     0.50000000     0.50000000
     303     0.50000000     0.50000000
     304     0.50000000     0.50000000
     305     0.50000000     0.50000000
     306     0.50000000     0.50000000
     307     0.50000000     0.50000000
     308     0.50000000     0.50000000
     309     0.50000000     0.50000000
     310     0.50000000     0.50000000
     311     0.50000000     0.50000000
     312     0.50000000     0.50000000
     313     0.50000000     0.50000000
     314     0.50000000     0.50000000
     315     0.50000000     0.50000000
     316     0.50000000     0.50000000
     317     0.50000000     0.50000000
     318     0.50000000     0.50000000
     319     0.50000000     0.50000000
     320     0.50000000     0.50000000
     321     0.50000000     0.50000000
     322     0.50000000     0.50000000
     323     0.50000000     0.50000000
     324     0.50000000     0.50000000
     325     0.50000000     0.50000000
     326     0.50000000     0.50000000
     327     0.50000000     0.50000000
     328     0.50000000     0.50000000
     329     0.50000000     0.50000000
     330     0.50000000     0.50000000
     331     0.50000000     0.50000000
     332     0.50000000     0.50000000
     333     0.50000000     0.50000000
     334     0.50000000     0.50000000
     335     0.50000000     0.50000000
     336     0.50000000     0.50000000
     337     0.50000000     0.50000000
     338     0.50000000     0.50000000
     339     0.50000000     0.50000000
     340     0.50000000     0.50000000
     341     0.50000000     0.50000000
     342     0.50000000     0.50000000
     343     0.50000000     0.50000000
     344     0.50000000     0.50000000
     345     0.50000000     0.50000000
     346     0.50000000     0.50000000
     347     0.50000000     0.50000000
     348     0.50000000     0.50000000
     349     0.50000000     0.50000000
     350     0.50000000     0.50000000
     351     0.50000000     0.50000000
     352     0.50000000     0.50000000
     353     0.50000000     0.50000000
     354     0.50000000     0.50000000
     355     0.50000000     0.50000000
     356     0.50000000     0.50000000
     357     0.50000000     0.50000000
     358     0.50000000     0.50000000
     359     0.50000000     0.50000000
     360     0.75000000     0.25000000
     361     0.75000000     0.25000000
     362     0.75000000     0.25000000
     363     0.75000000     0.25000000
     364     0.75000000     0.25000000
     365     0.75000000     0.25000000
     366     0.75000000     0.25000000
     367     0.75000000     0.25000000
     368     0.75000000     0.25000000
     369     0.75000000     0.25000000
     370     0.75000000     0.25000000
     371     0.75000000     0.25000000
     372     0.75000000     0.25000000
     373     0.75000000     0.25000000
     374     0.75000000     0.25000000
     375     0.75000000     0.25000000
     376     0.75000000     0.25000000
     377     0.75000000     0.25000000
     378     0.75000000     0.25000000
     379     0.75000000     0.25000000
     380     0.75000000     0.25000000
     381     0.75000000     0.25000000
     382     0.75000000     0.25000000
     383     0.75000000     0.25000000
     384     0.75000000     0.25000000
     385     0.75000000     0.25000000
     386     0.75000000     0.25000000
     387     0.75000000     0.25000000
     388     0.75000000     0.25000000
     389     0.75000000     0.25000000
     390     0.75000000     0.25000000
     391     0.75000000     0.25000000
     392     0.75000000     0.25000000
     393     0.75000000     0.25000000
     394     0.75000000     0.25000000
     395     0.75000000     0.25000000
     396     0.75000000     0.25000000
     397     0.75000000     0.25000000
     398     0.75000000     0.25000000
     399     0.75000000     0.25000000
     400     0.75000000     0.25000000
     401     0.75000000     0.25000000
     402     0.75000000     0.25000000
     403     0.75000000     0.25000000
     404     0.75000000     0.25000000
     405     0.75000000     0.25000000
     406     0.75000000     0.25000000
     407     0.75000000     0.25000000
     408     0.75000000     0.25000000
     409     0.75000000     0.25000000
     410     0.75000000     0.25000000
     411     0.75000000     0.25000000
     412     0.75000000     0.25000000
     413     0.75000000     0.25000000
     414     0.75000000     0.25000000
     415     0.75000000     0.25000000
     416     0.75000000     0.25000000
     417     0.75000000     0.25000000
     418     0.75000000     0.25000000
     419     0.75000000     0.25000000
     420     0.75000000     0.25000000
     421     0.75000000     0.25000000
     422     0.75000000     0.25000000
     423     0.75000000     0.25000000
     424     0.75000000     0.25000000
     425     0.75000000     0.25000000
     426     0.75000000     0.25000000
     427     0.75000000     0.25000000
     428     0.75000000     0.25000000
     429     0.75000000     0.25000000
     430     0.75000000     0.25000000
     431     0.75000000     0.25000000
     432     0.75000000     0.25000000
     433     0.75000000     0.25000000
     434     0.75000000     0.25000000
     435     0.75000000     0.25000000
     436     0.75000000     0.25000000
     437     0.75000000     0.25000000
     438     0.75000000     0.25000000
     439     0.75000000     0.25000000
     440     0.75000000     0.25000000
     441     0.75000000     0.25000000
     442     0.75000000     0.25000000
     443     0.75000000     0.25000000
     444     0.75000000     0.25000000
     445     1.00000000     0.00000000
     446     1.00000000     0.00000000
     447     1.00000000     0.00000000
     448     1.00000000     0.00000000
     449     1.00000000     0.00000000
     450     1.00000000     0.00000000
     451     0.75000000     0.25000000
     452     0.75000000     0.25000000
     453     0.75000000     0.25000000
     454     0.75000000     0.25000000
     455     0.75000000     0.25000000
     456     0.75000000     0.25000000
     457     0.75000000     0.25000000
     458     0.75000000     0.25000000
     459     0.75000000     0.25000000
     460     0.75000000     0.25000000
     461     0.75000000     0.25000000
     462     0.75000000     0.25000000
     463     0.75000000     0.25000000
     464     0.75000000     0.25000000
     465     0.75000000     0.25000000
     466     0.75000000     0.25000000
     467     0.75000000     0.25000000
     468     0.75000000     0.25000000
     469     0.75000000     0.25000000
     470     0.75000000     0.25000000
     471     0.75000000     0.25000000
     472     0.75000000     0.25000000
     473     0.75000000     0.25000000
     474     0.75000000     0.25000000
     475     0.75000000     0.25000000
     476     0.75000000     0.25000000
     477     0.75000000     0.25000000
     478     0.75000000     0.25000000
     479     0.75000000     0.25000000
     480     0.75000000     0.25000000
     481     0.75000000     0.25000000
     482     0.75000000     0.25000000
     483     0.75000000     0.25000000
     484     0.75000000     0.25000000
     485     0.75000000     0.25000000
     486     0.75000000     0.25000000
     487     0.75000000     0.25000000
     488     0.75000000     0.25000000
     489     0.75000000     0.25000000
     490     0.75000000     0.25000000
     491     0.75000000     0.25000000
     492     1.00000000     0.00000000
     493     1.00000000     0.00000000
     494     1.00000000     0.00000000
     495     1.00000000     0.00000000
     496     1.00000000     0.00000000
     497     1.00000000     0.00000000
     498     1.00000000     0.00000000
     499     1.00000000     0.00000000
     500     1.00000000     0.00000000
     501     1.00000000     0.00000000
     502     1.00000000     0.00000000
     503     1.00000000     0.00000000
     504     1.00000000     0.00000000
     505     1.00000000     0.00000000
     506     1.00000000     0.00000000
     507     1.00000000     0.00000000
     508     1.00000000     0.00000000
     509     1.00000000     0.00000000
     510     1.00000000     0.00000000
     511     1.00000000     0.00000000
     512     1.00000000     0.00000000
     513     1.00000000     0.00000000
     514     1.00000000     0.00000000
     515     1.00000000     0.00000000
     516     1.00000000     0.00000000
     517     1.00000000     0.00000000
     518     1.00000000     0.00000000
     519     1.00000000     0.00000000
     520     1.00000000     0.00000000
     521     1.00000000     0.00000000
     522     1.00000000     0.00000000
     523     1.00000000     0.00000000
     524     1.00000000     0.00000000
     525     1.00000000     0.00000000
     526     1.00000000     0.00000000
     527     1.00000000     0.00000000
     528     1.00000000     0.00000000
     529     1.00000000     0.00000000
     530     1.00000000     0.00000000
     531     1.00000000     0.00000000
     532     1.00000000     0.00000000
     533     1.00000000     0.00000000
     534     1.00000000     0.00000000
     535     1.00000000     0.00000000
     536     1.00000000     0.00000000
     537     1.00000000     0.00000000
     538     1.00000000     0.00000000
     539     1.00000000     0.00000000
     540     1.00000000     0.00000000
     541     1.00000000     0.00000000
     542     1.00000000     0.00000000
     543     1.00000000     0.00000000
     544     1.00000000     0.00000000
     545     1.00000000     0.00000000
     546     1.00000000     0.00000000
     547     1.00000000     0.00000000
     548     1.00000000     0.00000000
     549     1.00000000     0.00000000
     550     1.00000000     0.00000000
     551     1.00000000     0.00000000
     552     1.00000000     0.00000000
     553     1.00000000     0.00000000
     554     1.00000000     0.00000000
     555     1.00000000     0.00000000
     556     1.00000000     0.00000000
     557     1.00000000     0.00000000
     558     1.00000000     0.00000000
     559     1.00000000     0.00000000
     560     1.00000000     0.00000000
     561     1.00000000     0.00000000
     562     1.00000000     0.00000000
     563     1.00000000     0.00000000
     564     1.00000000     0.00000000
     565     1.00000000     0.00000000
     566     1.00000000     0.00000000
     567     1.00000000     0.00000000
     568     1.00000000     0.00000000
     569     1.00000000     0.00000000
     570     1.00000000     0.00000000
     571     1.00000000     0.00000000
     572     1.00000000     0.00000000
     573     1.00000000     0.00000000
     574     1.00000000     0.00000000
     575     1.00000000     0.00000000
     576     1.00000000     0.00000000
     577     1.00000000     0.00000000
     578     1.00000000     0.00000000
     579     1.00000000     0.00000000
     580     1.00000000     0.00000000
     581     1.00000000     0.00000000
     582     1.00000000     0.00000000
     583     1.00000000     0.00000000
     584     1.00000000     0.00000000
     585     1.00000000     0.00000000
     586     1.00000000     0.00000000
     587     1.00000000     0.00000000
     588     1.00000000     0.00000000
     589     1.00000000     0.00000000
     590     1.00000000     0.00000000
     591     1.00000000     0.00000000
     592     1.00000000     0.00000000
     593     1.00000000     0.00000000
     594     1.00000000     0.00000000
     595     1.00000000     0.00000000
     596     1.00000000     0.00000000
     597     1.00000000     0.00000000
     598     1.00000000     0.00000000
     599     1.00000000     0.00000000
     600     1.00000000     0.00000000