#    Averaged electronic coherence
       0     0.00000000
       1     0.00001901
       2     0.00000823
       3     0.00002218
       4     0.00003558
       5     0.00003777
       6     0.00008282
       7     0.00009900
       8     0.00012103
       9     0.00017338
      10     0.00015274
      11     0.00017006
      12     0.00021828
      13     0.00019566
      14     0.00018668
      15     0.00022549
      16     0.00022567
      17     0.00017187
      18     0.00011929
      19     0.00008298
      20     0.00005024
      21     0.00003365
      22     0.00004421
      23     0.00005987
      24     0.00006071
      25     0.00006021
      26     0.00007836
      27     0.00010860
      28     0.00012073
      29     0.00009390
      30     0.00006014
      31     0.00007606
      32     0.00010989
      33     0.00008098
      34     0.00004498
      35     0.00007711
      36     0.00007975
      37     0.00003448
      38     0.00004023
      39     0.00004595
      40     0.00001814
      41     0.00001295
      42     0.00001796
      43     0.00000588
      44     0.00000554
      45     0.00001001
      46     0.00000545
      47     0.00001929
      48     0.00001290
      49     0.00001606
      50     0.00003689
      51     0.00002004
      52     0.00002043
      53     0.00004092
      54     0.00002826
      55     0.00001387
      56     0.00002192
      57     0.00002732
      58     0.00001916
      59     0.00001071
      60     0.00001848
      61     0.00003449
      62     0.00004475
      63     0.00005726
      64     0.00005828
      65     0.00003999
      66     0.00004377
      67     0.00006062
      68     0.00004570
      69     0.00003169
      70     0.00004025
      71     0.00003112
      72     0.00001875
      73     0.00003126
      74     0.00003525
      75     0.00002472
      76     0.00002531
      77     0.00003196
      78     0.00003384
      79     0.00002793
      80     0.00002090
      81     0.00002473
      82     0.00002968
      83     0.00004350
      84     0.00007696
      85     0.00009073
      86     0.00007940
      87     0.00008025
      88     0.00008200
      89     0.00007326
      90     0.00010346
      91     0.00024277
      92     0.00059516
      93     0.00137320
      94     0.00291790
      95     0.00566619
      96     0.01009688
      97     0.01661623
      98     0.02536337
      99     0.03595130
     100     0.04710839
     101     0.05650767
     102     0.06172806
     103     0.06223695
     104     0.05972266
     105     0.05619081
     106     0.05270953
     107     0.04959937
     108     0.04689350
     109     0.04626625
     110     0.05602702
     111     0.06249985
     112     0.06217169
     113     0.06227180
     114     0.06248300
     115     0.06245232
     116     0.06203101
     117     0.06129921
     118     0.06031100
     119     0.05912433
     120     0.05788007
     121     0.05663460
     122     0.05550317
     123     0.05458401
     124     0.05382489
     125     0.05302783
     126     0.05190130
     127     0.05019699
     128     0.04772945
     129     0.04458558
     130     0.04131272
     131     0.03873833
     132     0.03776332
     133     0.03915183
     134     0.04315813
     135     0.04914642
     136     0.05550726
     137     0.06030893
     138     0.06242557
     139     0.06201116
     140     0.06013782
     141     0.05821523
     142     0.05736210
     143     0.05788133
     144     0.05926912
     145     0.06077335
     146     0.06195214
     147     0.06281161
     148     0.06349545
     149     0.06396498
     150     0.06410466
     151     0.06410836
     152     0.08602952
     153     0.09561826
     154     0.07149929
     155     0.06870694
     156     0.06869522
     157     0.06953415
     158     0.07069937
     159     0.07187381
     160     0.07280555
     161     0.07329009
     162     0.07313144
     163     0.07225063
     164     0.07064360
     165     0.06846412
     166     0.06614982
     167     0.06427830
     168     0.06339968
     169     0.06385799
     170     0.06564320
     171     0.06842617
     172     0.07163517
     173     0.07451328
     174     0.07643342
     175     0.07747881
     176     0.07845464
     177     0.07998783
     178     0.08185536
     179     0.08320701
     180     0.08313424
     181     0.08114567
     182     0.07744133
     183     0.07276415
     184     0.06784009
     185     0.06299221
     186     0.05838432
     187     0.05446036
     188     0.05190403
     189     0.05120549
     190     0.05229047
     191     0.05442616
     192     0.05644698
     193     0.06532382
     194     0.09276676
     195     0.11896948
     196     0.11931043
     197     0.10982623
     198     0.09918394
     199     0.08967504
     200     0.08222323
     201     0.07697587
     202     0.07357806
     203     0.07139246
     204     0.06952348
     205     0.06697056
     206     0.06305573
     207     0.05786695
     208     0.05286227
     209     0.04836286
     210     0.04524490
     211     0.04457146
     212     0.04991707
     213     0.06445572
     214     0.07187673
     215     0.07301015
     216     0.07165600
     217     0.07077058
     218     0.07214101
     219     0.07464997
     220     0.07382026
     221     0.06665035
     222     0.05635741
     223     0.04622925
     224     0.03523463
     225     0.02446280
     226     0.01878475
     227     0.01769055
     228     0.01490582
     229     0.01134966
     230     0.01059493
     231     0.00935626
     232     0.00667094
     233     0.00729939
     234     0.00715399
     235     0.00677935
     236     0.00672885
     237     0.00660586
     238     0.00683518
     239     0.00706821
     240     0.00669458
     241     0.00638348
     242     0.00682364
     243     0.00660350
     244     0.00655930
     245     0.00673078
     246     0.00654775
     247     0.00692981
     248     0.00678638
     249     0.00720070
     250     0.00749111
     251     0.00796872
     252     0.00767728
     253     0.00703548
     254     0.00675440
     255     0.00737320
     256     0.00813079
     257     0.00796400
     258     0.00694787
     259     0.00590820
     260     0.00556925
     261     0.00550972
     262     0.00533116
     263     0.00495392
     264     0.00464986
     265     0.00453335
     266     0.00425758
     267     0.00367270
     268     0.00309949
     269     0.00293343
     270     0.00320724
     271     0.00344306
     272     0.00349448
     273     0.00331838
     274     0.00302062
     275     0.00291931
     276     0.00301109
     277     0.00325529
     278     0.00341793
     279     0.00328433
     280     0.00289063
     281     0.00037454
     282     0.00037114
     283     0.00040950
     284     0.00041180
     285     0.00041611
     286     0.00042248
     287     0.00045167
     288     0.00049106
     289     0.00049430
     290     0.00051266
     291     0.00057654
     292     0.00078937
     293     0.00112290
     294     0.00148069
     295     0.00174477
     296     0.00179238
     297     0.00165654
     298     0.00138563
     299     0.00109483
     300     0.00084930
     301     0.00074227
     302     0.00093848
     303     0.00234892
     304     0.00965926
     305     0.04313667
     306     0.04797261
     307     0.02168904
     308     0.01529533
     309     0.01439786
     310     0.01473520
     311     0.01500107
     312     0.01466201
     313     0.01343043
     314     0.01124888
     315     0.00826696
     316     0.00313674
     317     0.00063930
     318     0.00284312
     319     0.00826986
     320     0.01667019
     321     0.02663672
     322     0.03652056
     323     0.04496153
     324     0.05101404
     325     0.05450924
     326     0.05538415
     327     0.05397395
     328     0.05074809
     329     0.04643125
     330     0.04181014
     331     0.03549926
     332     0.03269839
     333     0.02999229
     334     0.02742796
     335     0.02505217
     336     0.02323114
     337     0.02289984
     338     0.03338071
     339     0.01043221
     340     0.05696027
     341     0.06095231
     342     0.05935459
     343     0.06057252
     344     0.06169988
     345     0.06255788
     346     0.08020979
     347     0.08418389
     348     0.06016908
     349     0.05727519
     350     0.05403936
     351     0.05132681
     352     0.04972315
     353     0.04892815
     354     0.04823718
     355     0.04684485
     356     0.04397144
     357     0.03963753
     358     0.03420818
     359     0.02864379
     360     0.02371293
     361     0.01940707
     362     0.01554462
     363     0.01612615
     364     0.01910631
     365     0.02200969
     366     0.02332538
     367     0.02291533
     368     0.02203317
     369     0.02211846
     370     0.02295836
     371     0.02193761
     372     0.01695157
     373     0.01070401
     374     0.00827126
     375     0.00978716
     376     0.00937744
     377     0.00538057
     378     0.00141062
     379     0.00236485
     380     0.00295688
     381     0.00211073
     382     0.00248714
     383     0.00160559
     384     0.00150388
     385     0.00195867
     386     0.00210197
     387     0.00214283
     388     0.00203039
     389     0.00202380
     390     0.00199287
     391     0.00191931
     392     0.00165953
     393     0.00156634
     394     0.00171829
     395     0.00192182
     396     0.00211026
     397     0.00208678
     398     0.00203783
     399     0.00205767
     400     0.00209149
     401     0.00205468
     402     0.00187033
     403     0.00164016
     404     0.00155353
     405     0.00168831
     406     0.00195965
     407     0.00225538
     408     0.00228522
     409     0.00221098
     410     0.00182308
     411     0.00159720
     412     0.00140787
     413     0.00163811
     414     0.00215567
     415     0.00277638
     416     0.00338792
     417     0.00340907
     418     0.00312922
     419     0.00060362
     420     0.00070227
     421     0.00116661
     422     0.00143801
     423     0.00172595
     424     0.00181336
     425     0.00180561
     426     0.00214822
     427     0.00343960
     428     0.00646945
     429     0.01192059
     430     0.01956526
     431     0.02803732
     432     0.03516346
     433     0.04006705
     434     0.04320101
     435     0.04461772
     436     0.04554549
     437     0.04635092
     438     0.04747256
     439     0.04933296
     440     0.05210597
     441     0.05572191
     442     0.05996058
     443     0.06301319
     444     0.05838859
     445     0.02784716
     446     0.00058982
     447     0.01600054
     448     0.02720951
     449     0.03225280
     450     0.03456865
     451     0.03543450
     452     0.03536785
     453     0.03432125
     454     0.03273307
     455     0.03072843
     456     0.02894035
     457     0.02822849
     458     0.03039351
     459     0.03835287
     460     0.05294149
     461     0.06295554
     462     0.05693198
     463     0.04329491
     464     0.03132744
     465     0.02292683
     466     0.01704191
     467     0.01335798
     468     0.01092359
     469     0.00976595
     470     0.00948161
     471     0.00991214
     472     0.01103718
     473     0.01264262
     474     0.01469935
     475     0.01709578
     476     0.01984048
     477     0.02282572
     478     0.02601522
     479     0.02967642
     480     0.03404322
     481     0.03946603
     482     0.04555744
     483     0.05066944
     484     0.05400181
     485     0.05566673
     486     0.05636433
     487     0.05671565
     488     0.05723728
     489     0.05871704
     490     0.06178418
     491     0.06151094
     492     0.04674426
     493     0.03835405
     494     0.03652355
     495     0.03581063
     496     0.03533233
     497     0.03504307
     498     0.03519296
     499     0.03525105
     500     0.03563610
     501     0.03538771
     502     0.03493534
     503     0.03391472
     504     0.03214472
     505     0.03063731
     506     0.02863443
     507     0.02709292
     508     0.02570758
     509     0.02425548
     510     0.02251248
     511     0.02053836
     512     0.01790402
     513     0.01526798
     514     0.01306342
     515     0.01157947
     516     0.01157268
     517     0.01249320
     518     0.01407059
     519     0.01544991
     520     0.01601630
     521     0.01552919
     522     0.01442415
     523     0.01310540
     524     0.01221948
     525     0.01131917
     526     0.00996044
     527     0.00799437
     528     0.00679496
     529     0.00667784
     530     0.00689794
     531     0.00531510
     532     0.00345801
     533     0.00344940
     534     0.00380808
     535     0.00061774
     536     0.00071706
     537     0.00068655
     538     0.00067415
     539     0.00066928
     540     0.00067292
     541     0.00074077
     542     0.00054338
     543     0.00079919
     544     0.00062089
     545     0.00066706
     546     0.00072656
     547     0.00062095
     548     0.00069420
     549     0.00063502
     550     0.00071215
     551     0.00062510
     552     0.00068251
     553     0.00066149
     554     0.00064937
     555     0.00065827
     556     0.00068460
     557     0.00061852
     558     0.00071229
     559     0.00062434
     560     0.00067523
     561     0.00067401
     562     0.00062114
     563     0.00070607
     564     0.00061223
     565     0.00069043
     566     0.00063978
     567     0.00067553
     568     0.00063846
     569     0.00071204
     570     0.00061212
     571     0.00074152
     572     0.00063648
     573     0.00070011
     574     0.00070409
     575     0.00062975
     576     0.00075166
     577     0.00058975
     578     0.00074063
     579     0.00060450
     580     0.00068833
     581     0.00065729
     582     0.00064856
     583     0.00066169
     584     0.00069239
     585     0.00061036
     586     0.00070349
     587     0.00066753
     588     0.00062906
     589     0.00071547
     590     0.00060830
     591     0.00072924
     592     0.00067872
     593     0.00063301
     594     0.00079982
     595     0.00054611
     596     0.00082477
     597     0.00057874
     598     0.00072766
     599     0.00067804
     600     0.00059804