#    Density matrix based averaged BO population
       0     0.00000000     1.00000000
       1     0.00001901     0.99998099
       2     0.00000823     0.99999177
       3     0.00002219     0.99997782
       4     0.00003558     0.99996441
       5     0.00003777     0.99996223
       6     0.00008284     0.99991716
       7     0.00009902     0.99990098
       8     0.00012105     0.99987895
       9     0.00017342     0.99982658
      10     0.00015277     0.99984723
      11     0.00017009     0.99982991
      12     0.00021834     0.99978166
      13     0.00019572     0.99980428
      14     0.00018672     0.99981328
      15     0.00022556     0.99977444
      16     0.00022575     0.99977425
      17     0.00017192     0.99982808
      18     0.00011931     0.99988069
      19     0.00008300     0.99991701
      20     0.00005024     0.99994976
      21     0.00003365     0.99996635
      22     0.00004421     0.99995579
      23     0.00005987     0.99994013
      24     0.00006072     0.99993928
      25     0.00006021     0.99993979
      26     0.00007837     0.99992163
      27     0.00010862     0.99989138
      28     0.00012075     0.99987925
      29     0.00009392     0.99990608
      30     0.00006015     0.99993985
      31     0.00007607     0.99992392
      32     0.00010991     0.99989009
      33     0.00008099     0.99991901
      34     0.00004498     0.99995502
      35     0.00007712     0.99992288
      36     0.00007976     0.99992024
      37     0.00003448     0.99996552
      38     0.00004024     0.99995976
      39     0.00004596     0.99995404
      40     0.00001814     0.99998186
      41     0.00001295     0.99998705
      42     0.00001797     0.99998203
      43     0.00000588     0.99999412
      44     0.00000554     0.99999446
      45     0.00001001     0.99998999
      46     0.00000545     0.99999455
      47     0.00001929     0.99998071
      48     0.00001290     0.99998710
      49     0.00001606     0.99998394
      50     0.00003689     0.99996310
      51     0.00002004     0.99997996
      52     0.00002044     0.99997957
      53     0.00004092     0.99995908
      54     0.00002827     0.99997173
      55     0.00001387     0.99998613
      56     0.00002192     0.99997808
      57     0.00002732     0.99997268
      58     0.00001916     0.99998084
      59     0.00001071     0.99998929
      60     0.00001848     0.99998152
      61     0.00003450     0.99996551
      62     0.00004476     0.99995524
      63     0.00005727     0.99994273
      64     0.00005828     0.99994172
      65     0.00004000     0.99996000
      66     0.00004377     0.99995623
      67     0.00006062     0.99993938
      68     0.00004570     0.99995429
      69     0.00003170     0.99996831
      70     0.00004025     0.99995974
      71     0.00003112     0.99996887
      72     0.00001875     0.99998125
      73     0.00003126     0.99996874
      74     0.00003525     0.99996475
      75     0.00002472     0.99997528
      76     0.00002531     0.99997469
      77     0.00003196     0.99996804
      78     0.00003384     0.99996616
      79     0.00002793     0.99997207
      80     0.00002090     0.99997910
      81     0.00002473     0.99997526
      82     0.00002968     0.99997032
      83     0.00004350     0.99995650
      84     0.00007698     0.99992303
      85     0.00009075     0.99990925
      86     0.00007942     0.99992058
      87     0.00008027     0.99991973
      88     0.00008201     0.99991799
      89     0.00007327     0.99992673
      90     0.00010349     0.99989651
      91     0.00024298     0.99975702
      92     0.00059652     0.99940348
      93     0.00138077     0.99861924
      94     0.00295270     0.99704730
      95     0.00580060     0.99419940
      96     0.01054111     0.98945889
      97     0.01789644     0.98210356
      98     0.02864143     0.97135858
      99     0.04352518     0.95647482
     100     0.06296391     0.93703609
     101     0.08625309     0.91374691
     102     0.11086567     0.88913433
     103     0.13335089     0.86664911
     104     0.15144734     0.84855266
     105     0.16486796     0.83513203
     106     0.17456686     0.82543314
     107     0.18186086     0.81813914
     108     0.18755020     0.81244980
     109     0.18878058     0.81121942
     110     0.16533394     0.83466606
     111     0.12694558     0.87305442
     112     0.11569166     0.88430834
     113     0.11717474     0.88282525
     114     0.12252780     0.87747220
     115     0.12914297     0.87085703
     116     0.13593196     0.86406804
     117     0.14247101     0.85752899
     118     0.14855263     0.85144737
     119     0.15410184     0.84589816
     120     0.15911760     0.84088240
     121     0.16342715     0.83657284
     122     0.16690046     0.83309954
     123     0.16956781     0.83043219
     124     0.17168050     0.82831951
     125     0.17377032     0.82622968
     126     0.17652411     0.82347589
     127     0.18053144     0.81946856
     128     0.18585958     0.81414042
     129     0.19195831     0.80804169
     130     0.19783075     0.80216925
     131     0.20218105     0.79781895
     132     0.20373857     0.79626143
     133     0.20150477     0.79849523
     134     0.19472019     0.80527981
     135     0.18302293     0.81697707
     136     0.16702647     0.83297353
     137     0.14858358     0.85141642
     138     0.13007911     0.86992089
     139     0.11353010     0.88646990
     140     0.10043025     0.89956975
     141     0.09192318     0.90807682
     142     0.08859688     0.91140312
     143     0.09000400     0.90999600
     144     0.09451093     0.90548907
     145     0.09985387     0.90014613
     146     0.10419347     0.89580653
     147     0.10685619     0.89314381
     148     0.10809136     0.89190864
     149     0.10836972     0.89163028
     150     0.10808138     0.89191862
     151     0.10765743     0.89234257
     152     0.13222132     0.86777868
     153     0.14452852     0.85547148
     154     0.11163322     0.88836678
     155     0.10560951     0.89439050
     156     0.10244354     0.89755646
     157     0.10071077     0.89928923
     158     0.10018478     0.89981522
     159     0.10050779     0.89949221
     160     0.10119719     0.89880281
     161     0.10176827     0.89823173
     162     0.10179649     0.89820351
     163     0.10109575     0.89890425
     164     0.09971844     0.90028156
     165     0.09804313     0.90195687
     166     0.09684068     0.90315932
     167     0.09698346     0.90301654
     168     0.09906632     0.90093368
     169     0.10303219     0.89696781
     170     0.10794461     0.89205539
     171     0.11218613     0.88781387
     172     0.11409052     0.88590948
     173     0.11284612     0.88715388
     174     0.10924117     0.89075883
     175     0.10546830     0.89453170
     176     0.10374606     0.89625394
     177     0.10491460     0.89508540
     178     0.10824758     0.89175242
     179     0.11220776     0.88779224
     180     0.11522051     0.88477949
     181     0.11611079     0.88388921
     182     0.11422846     0.88577154
     183     0.10934350     0.89065650
     184     0.10161713     0.89838287
     185     0.09187130     0.90812870
     186     0.08174363     0.91825637
     187     0.07322589     0.92677411
     188     0.06790578     0.93209422
     189     0.06658974     0.93341025
     190     0.06939276     0.93060724
     191     0.07600196     0.92399804
     192     0.08597682     0.91402318
     193     0.10718374     0.89281626
     194     0.15654565     0.84345435
     195     0.23179967     0.76820033
     196     0.29231985     0.70768015
     197     0.33007594     0.66992406
     198     0.35410053     0.64589947
     199     0.36912176     0.63087824
     200     0.37753898     0.62246102
     201     0.38086995     0.61913005
     202     0.37995249     0.62004751
     203     0.37513041     0.62486959
     204     0.36665950     0.63334050
     205     0.35520761     0.64479238
     206     0.34208425     0.65791575
     207     0.32894752     0.67105248
     208     0.31655212     0.68344788
     209     0.30639265     0.69360735
     210     0.29903564     0.70096436
     211     0.29589820     0.70410181
     212     0.30642756     0.69357244
     213     0.32750071     0.67249929
     214     0.34414259     0.65585741
     215     0.35135201     0.64864799
     216     0.35289030     0.64710970
     217     0.35458573     0.64541428
     218     0.36192796     0.63807204
     219     0.37804538     0.62195462
     220     0.40144878     0.59855122
     221     0.42553099     0.57446901
     222     0.44435154     0.55564846
     223     0.45950325     0.54049675
     224     0.47497104     0.52502897
     225     0.48819520     0.51180480
     226     0.49420118     0.50579882
     227     0.49555568     0.50444432
     228     0.49928142     0.50071858
     229     0.50287400     0.49712600
     230     0.50228849     0.49771151
     231     0.50268177     0.49731823
     232     0.50620730     0.49379270
     233     0.50674263     0.49325737
     234     0.50672560     0.49327440
     235     0.50604942     0.49395058
     236     0.50566887     0.49433113
     237     0.50626945     0.49373056
     238     0.50648261     0.49351739
     239     0.50607338     0.49392662
     240     0.50601515     0.49398485
     241     0.50615547     0.49384453
     242     0.50581529     0.49418471
     243     0.50610866     0.49389135
     244     0.50608010     0.49391990
     245     0.50587900     0.49412100
     246     0.50624058     0.49375942
     247     0.50610788     0.49389212
     248     0.50644718     0.49355282
     249     0.50647090     0.49352910
     250     0.50711323     0.49288677
     251     0.50739901     0.49260099
     252     0.50723319     0.49276681
     253     0.50647693     0.49352307
     254     0.50621501     0.49378499
     255     0.50686432     0.49313568
     256     0.50765765     0.49234235
     257     0.50750964     0.49249036
     258     0.50638257     0.49361743
     259     0.50535559     0.49464441
     260     0.50491934     0.49508066
     261     0.50492795     0.49507205
     262     0.50471647     0.49528353
     263     0.50428941     0.49571059
     264     0.50402990     0.49597010
     265     0.50389439     0.49610561
     266     0.50357941     0.49642059
     267     0.50299510     0.49700490
     268     0.50242681     0.49757319
     269     0.50225691     0.49774309
     270     0.50247215     0.49752785
     271     0.50279858     0.49720142
     272     0.50281882     0.49718118
     273     0.50259932     0.49740068
     274     0.50236598     0.49763402
     275     0.50220513     0.49779488
     276     0.50232426     0.49767574
     277     0.50257575     0.49742425
     278     0.50273077     0.49726923
     279     0.50260081     0.49739919
     280     0.50220481     0.49779519
     281     0.49964106     0.50035894
     282     0.49966504     0.50033496
     283     0.49967469     0.50032531
     284     0.49969652     0.50030348
     285     0.49968833     0.50031167
     286     0.49969803     0.50030197
     287     0.49973146     0.50026854
     288     0.49976080     0.50023920
     289     0.49978213     0.50021787
     290     0.49978042     0.50021958
     291     0.49986455     0.50013545
     292     0.50006613     0.49993388
     293     0.50040219     0.49959781
     294     0.50077284     0.49922716
     295     0.50102209     0.49897791
     296     0.50108814     0.49891187
     297     0.50093692     0.49906308
     298     0.50067142     0.49932858
     299     0.50037312     0.49962688
     300     0.50013484     0.49986516
     301     0.50001046     0.49998954
     302     0.50023020     0.49976980
     303     0.50163459     0.49836541
     304     0.50927584     0.49072416
     305     0.55393913     0.44606087
     306     0.56230142     0.43769858
     307     0.52279921     0.47720079
     308     0.51524116     0.48475884
     309     0.51421569     0.48578431
     310     0.51455862     0.48544138
     311     0.51484158     0.48515842
     312     0.51445927     0.48554074
     313     0.51314952     0.48685049
     314     0.51082571     0.48917428
     315     0.50767765     0.49232235
     316     0.50244312     0.49755688
     317     0.49994006     0.50005994
     318     0.50208607     0.49791393
     319     0.50771283     0.49228717
     320     0.51649376     0.48350624
     321     0.52744858     0.47255142
     322     0.53890543     0.46109458
     323     0.54916466     0.45083534
     324     0.55715009     0.44284991
     325     0.56212187     0.43787812
     326     0.56404683     0.43595317
     327     0.56309929     0.43690071
     328     0.55986970     0.44013030
     329     0.55509840     0.44490160
     330     0.54958251     0.45041749
     331     0.54192538     0.45807462
     332     0.53761492     0.46238508
     333     0.53343868     0.46656132
     334     0.52964965     0.47035035
     335     0.52646744     0.47353256
     336     0.52406558     0.47593442
     337     0.52370876     0.47629124
     338     0.53676734     0.46323266
     339     0.50994370     0.49005629
     340     0.57885001     0.42114999
     341     0.59216385     0.40783615
     342     0.59507277     0.40492723
     343     0.60045175     0.39954825
     344     0.60703609     0.39296391
     345     0.61544470     0.38455530
     346     0.64475200     0.35524800
     347     0.66255644     0.33744356
     348     0.65063405     0.34936595
     349     0.66231919     0.33768081
     350     0.67167424     0.32832576
     351     0.67862278     0.32137722
     352     0.68343346     0.31656654
     353     0.68700505     0.31299496
     354     0.69037058     0.30962942
     355     0.69439580     0.30560420
     356     0.69968792     0.30031208
     357     0.70600215     0.29399785
     358     0.71296163     0.28703837
     359     0.71983553     0.28016447
     360     0.72602643     0.27397357
     361     0.73149765     0.26850235
     362     0.73618326     0.26381674
     363     0.73556113     0.26443887
     364     0.73211563     0.26788437
     365     0.72870195     0.27129805
     366     0.72710801     0.27289199
     367     0.72751697     0.27248303
     368     0.72850191     0.27149809
     369     0.72841844     0.27158156
     370     0.72749766     0.27250235
     371     0.72879647     0.27120353
     372     0.73459692     0.26540308
     373     0.74143044     0.25856956
     374     0.74408073     0.25591927
     375     0.74273437     0.25726562
     376     0.74329417     0.25670582
     377     0.74714128     0.25285872
     378     0.75073873     0.24926127
     379     0.74997657     0.25002343
     380     0.75014356     0.24985644
     381     0.75134555     0.24865445
     382     0.75035724     0.24964276
     383     0.75039124     0.24960875
     384     0.75041201     0.24958799
     385     0.75060380     0.24939620
     386     0.75099243     0.24900757
     387     0.75094021     0.24905979
     388     0.75084039     0.24915961
     389     0.75081179     0.24918821
     390     0.75085262     0.24914737
     391     0.75067318     0.24932682
     392     0.75049331     0.24950669
     393     0.75037942     0.24962058
     394     0.75048701     0.24951299
     395     0.75077255     0.24922745
     396     0.75089052     0.24910948
     397     0.75090784     0.24909216
     398     0.75085361     0.24914639
     399     0.75085618     0.24914382
     400     0.75091235     0.24908765
     401     0.75086139     0.24913861
     402     0.75067352     0.24932648
     403     0.75044998     0.24955002
     404     0.75035128     0.24964872
     405     0.75048205     0.24951795
     406     0.75078416     0.24921584
     407     0.75101653     0.24898346
     408     0.75115420     0.24884580
     409     0.75093359     0.24906641
     410     0.75070784     0.24929216
     411     0.75031742     0.24968259
     412     0.75025899     0.24974101
     413     0.75041934     0.24958066
     414     0.75093807     0.24906193
     415     0.75166059     0.24833941
     416     0.75211611     0.24788389
     417     0.75234761     0.24765239
     418     0.75188137     0.24811863
     419     0.74939572     0.25060429
     420     0.74959086     0.25040914
     421     0.74983528     0.25016471
     422     0.75032234     0.24967766
     423     0.75052006     0.24947994
     424     0.75056375     0.24943625
     425     0.75062606     0.24937395
     426     0.75097868     0.24902132
     427     0.75225866     0.24774134
     428     0.75538881     0.24461119
     429     0.76128303     0.23871697
     430     0.77016712     0.22983288
     431     0.78065772     0.21934228
     432     0.79079498     0.20920502
     433     0.79870774     0.20129226
     434     0.80358213     0.19641787
     435     0.80655679     0.19344321
     436     0.80812926     0.19187074
     437     0.80960588     0.19039412
     438     0.81192311     0.18807688
     439     0.81575103     0.18424897
     440     0.82189814     0.17810186
     441     0.83153299     0.16846701
     442     0.84631636     0.15368365
     443     0.86981901     0.13018099
     444     0.90870358     0.09129642
     445     0.96828123     0.03171877
     446     0.99940952     0.00059048
     447     0.98291237     0.01708763
     448     0.96912308     0.03087691
     449     0.96221363     0.03778637
     450     0.95886045     0.04113955
     451     0.95755662     0.04244338
     452     0.95767205     0.04232795
     453     0.95921056     0.04078944
     454     0.96153921     0.03846079
     455     0.96435273     0.03564727
     456     0.96681225     0.03318775
     457     0.96777184     0.03222816
     458     0.96482390     0.03517610
     459     0.95304857     0.04695142
     460     0.92484191     0.07515809
     461     0.88000524     0.11999476
     462     0.83508889     0.16491111
     463     0.80397001     0.19602999
     464     0.78536262     0.21463738
     465     0.77405593     0.22594406
     466     0.76721960     0.23278040
     467     0.76276045     0.23723955
     468     0.76026590     0.23973410
     469     0.75890796     0.24109204
     470     0.75859130     0.24140870
     471     0.75913240     0.24086760
     472     0.76029394     0.23970606
     473     0.76208837     0.23791163
     474     0.76439028     0.23560972
     475     0.76719366     0.23280634
     476     0.77039170     0.22960831
     477     0.77402221     0.22597780
     478     0.77817036     0.22182964
     479     0.78295945     0.21704055
     480     0.78914829     0.21085171
     481     0.79759092     0.20240908
     482     0.80810180     0.19189820
     483     0.81871638     0.18128362
     484     0.82667240     0.17332760
     485     0.83129316     0.16870685
     486     0.83339330     0.16660670
     487     0.83441389     0.16558611
     488     0.83615511     0.16384489
     489     0.84127487     0.15872513
     490     0.85629089     0.14370911
     491     0.89433579     0.10566421
     492     0.93834229     0.06165771
     493     0.95305525     0.04694475
     494     0.95590943     0.04409057
     495     0.95699599     0.04300401
     496     0.95772575     0.04227425
     497     0.95813206     0.04186795
     498     0.95796079     0.04203921
     499     0.95779429     0.04220571
     500     0.95731252     0.04268748
     501     0.95759999     0.04240001
     502     0.95832181     0.04167819
     503     0.95985936     0.04014064
     504     0.96231667     0.03768333
     505     0.96454889     0.03545111
     506     0.96720361     0.03279639
     507     0.96927529     0.03072471
     508     0.97109431     0.02890569
     509     0.97294661     0.02705339
     510     0.97511705     0.02488295
     511     0.97756724     0.02243276
     512     0.98069032     0.01930968
     513     0.98375056     0.01624944
     514     0.98625098     0.01374902
     515     0.98788382     0.01211618
     516     0.98790279     0.01209721
     517     0.98687729     0.01312271
     518     0.98511222     0.01488778
     519     0.98354450     0.01645550
     520     0.98289451     0.01710549
     521     0.98344952     0.01655048
     522     0.98471665     0.01528335
     523     0.98619321     0.01380679
     524     0.98718560     0.01281440
     525     0.98817451     0.01182549
     526     0.98966165     0.01033835
     527     0.99176998     0.00823002
     528     0.99304554     0.00695446
     529     0.99316292     0.00683708
     530     0.99293733     0.00706267
     531     0.99459003     0.00540997
     532     0.99650838     0.00349162
     533     0.99651654     0.00348346
     534     0.99614875     0.00385125
     535     0.99938156     0.00061844
     536     0.99928225     0.00071775
     537     0.99931275     0.00068725
     538     0.99932511     0.00067490
     539     0.99933011     0.00066989
     540     0.99932626     0.00067373
     541     0.99925847     0.00074153
     542     0.99945605     0.00054395
     543     0.99919991     0.00080009
     544     0.99937841     0.00062159
     545     0.99933236     0.00066764
     546     0.99927256     0.00072744
     547     0.99937849     0.00062151
     548     0.99930508     0.00069492
     549     0.99936431     0.00063569
     550     0.99928716     0.00071285
     551     0.99937424     0.00062576
     552     0.99931680     0.00068320
     553     0.99933784     0.00066216
     554     0.99934994     0.00065006
     555     0.99934107     0.00065893
     556     0.99931461     0.00068539
     557     0.99938087     0.00061914
     558     0.99928687     0.00071313
     559     0.99937504     0.00062496
     560     0.99932402     0.00067598
     561     0.99932531     0.00067469
     562     0.99937824     0.00062176
     563     0.99929317     0.00070684
     564     0.99938717     0.00061283
     565     0.99930885     0.00069115
     566     0.99935957     0.00064043
     567     0.99932375     0.00067625
     568     0.99936094     0.00063906
     569     0.99928711     0.00071289
     570     0.99938738     0.00061262
     571     0.99925750     0.00074250
     572     0.99936299     0.00063701
     573     0.99929906     0.00070094
     574     0.99929516     0.00070484
     575     0.99936967     0.00063033
     576     0.99924736     0.00075264
     577     0.99940976     0.00059024
     578     0.99925843     0.00074157
     579     0.99939494     0.00060506
     580     0.99931089     0.00068911
     581     0.99934205     0.00065795
     582     0.99935072     0.00064927
     583     0.99933768     0.00066232
     584     0.99930683     0.00069317
     585     0.99938905     0.00061095
     586     0.99929577     0.00070423
     587     0.99933171     0.00066829
     588     0.99937039     0.00062961
     589     0.99928366     0.00071634
     590     0.99939117     0.00060883
     591     0.99926991     0.00073009
     592     0.99932058     0.00067942
     593     0.99936640     0.00063360
     594     0.99919908     0.00080092
     595     0.99945348     0.00054652
     596     0.99917399     0.00082601
     597     0.99942078     0.00057922
     598     0.99927150     0.00072850
     599     0.99932123     0.00067877
     600     0.99940144     0.00059856