     50        0.04542        0.73560        0.78101
    100        0.17966        0.70380        0.88346
    150        0.38239        0.66784        1.05022
    200        0.62445        0.64912        1.27357
    250        0.87416        0.66935        1.54351
    300        1.10339        0.74514        1.84853
    350        1.29198        0.88426        2.17625
    400        1.42941        1.08466        2.51407
    450        1.51410        1.33594        2.85004
    500        1.55156        1.62284        3.17440
    550        1.54954        1.92926        3.47881
    600        1.51357        2.24146        3.75503
    650        1.45018        2.54935        3.99953
    700        1.36353        2.84596        4.20950
    750        1.25708        3.12524        4.38232
    800        1.13906        3.37946        4.51852
    850        1.02094        3.59776        4.61871
    900        0.91737        3.76610        4.68347
    950        0.84528        3.86934        4.71461
   1000        0.81887        3.89522        4.71408
   1050        0.84450        3.83822        4.68272
   1100        0.92087        3.70292        4.62379
   1150        1.03347        3.50515        4.53862
   1200        1.15997        3.27015        4.43013
   1250        1.27268        3.02843        4.30111
   1300        1.34587        2.80992        4.15579
   1350        1.36051        2.63800        3.99852
   1400        1.30727        2.52502        3.83229
   1450        1.19104        2.47030        3.66135
   1500        1.03074        2.46141        3.49215
   1550        0.85365        2.47805        3.33170
   1600        0.68852        2.49782        3.18633
   1650        0.55967        2.50190        3.06158
   1700        0.48260        2.47949        2.96210
   1750        0.46133        2.42965        2.89098
   1800        0.48792        2.36050        2.84842
   1850        0.54458        2.28595        2.83053
   1900        0.60920        2.22099        2.83019
   1950        0.66423        2.17681        2.84104
   2000        0.70421        2.15718        2.86139
   2050        0.73467        2.15703        2.89170
   2100        0.76100        2.16361        2.92461
   2150        0.78424        2.16007        2.94431
   2200        0.81448        2.13113        2.94562
   2250        0.86991        2.07000        2.93992
   2300        0.94744        1.98278        2.93022
   2350        1.02520        1.88585        2.91105
   2400        1.08772        1.79810        2.88581
   2450        1.12269        1.73455        2.85724
   2500        1.11902        1.70371        2.82273
   2550        1.07115        1.70516        2.77631
   2600        0.99627        1.72758        2.72385
   2650        0.91238        1.75296        2.66534
   2700        0.84165        1.76483        2.60648
   2750        0.78168        1.75230        2.53399
   2800        0.75337        1.71038        2.46375
   2850        0.74772        1.64400        2.39172
   2900        0.73782        1.56794        2.30576
   2950        0.72911        1.49849        2.22760
   3000        0.71261        1.44775        2.16036
   3050        0.68064        1.42269        2.10332
   3100        0.61697        1.42298        2.03994
   3150        0.55158        1.43775        1.98933
   3200        0.50998        1.44999        1.95997
   3250        0.48761        1.44451        1.93212
   3300        0.49499        1.41195        1.90694
   3350        0.56322        1.35077        1.91399
   3400        0.69344        1.26960        1.96304
   3450        0.83019        1.18630        2.01649
   3500        0.91207        1.12108        2.03315
   3550        0.98167        1.08853        2.07019
   3600        1.05120        1.09572        2.14691
   3650        1.10910        1.14179        2.25089
   3700        1.11349        1.21831        2.33180
   3750        1.08930        1.30994        2.39924
   3800        1.08548        1.39978        2.48526
   3850        1.10319        1.47658        2.57977
   3900        1.12745        1.53758        2.66503
   3950        1.15888        1.58771        2.74659
   4000        1.19067        1.63765        2.82832
   4050        1.19981        1.69988        2.89969
   4100        1.18070        1.78321        2.96392
   4150        1.13163        1.89032        3.02195
   4200        1.05726        2.01655        3.07381
   4250        0.96564        2.14948        3.11512
   4300        0.88277        2.27232        3.15509
   4350        0.81322        2.37178        3.18501
   4400        0.74460        2.44233        3.18693
   4450        0.70345        2.48485        3.18830
   4500        0.68943        2.50610        3.19553
   4550        0.69694        2.51825        3.21519
   4600        0.70579        2.53669        3.24248
   4650        0.67235        2.57457        3.24692
   4700        0.58386        2.63550        3.21936
   4750        0.47371        2.71095        3.18466
   4800        0.38205        2.78464        3.16669
   4850        0.32695        2.83991        3.16686
   4900        0.30980        2.86556        3.17537
   4950        0.32953        2.85860        3.18813
   5000        0.38297        2.82422        3.20719
   5050        0.45604        2.77350        3.22954
   5100        0.52512        2.71931        3.24444
   5150        0.57438        2.67173        3.24611
   5200        0.61009        2.63539        3.24548
   5250        0.64754        2.61000        3.25754
   5300        0.68361        2.59244        3.27605
   5350        0.70176        2.57757        3.27933
   5400        0.70787        2.55782        3.26568
   5450        0.73053        2.52455        3.25508
   5500        0.78894        2.47208        3.26103
   5550        0.88177        2.40176        3.28353
   5600        0.97595        2.32334        3.29929
   5650        1.04081        2.25093        3.29173
   5700        1.09057        2.19618        3.28675
   5750        1.13154        2.16518        3.29672
   5800        1.12530        2.15881        3.28411
   5850        1.07586        2.17096        3.24682
   5900        1.05221        2.18777        3.23998
   5950        1.04391        2.19520        3.23910
   6000        0.98212        2.18593        3.16805
   6050        0.96058        2.15489        3.11547
   6100        1.00275        2.10142        3.10416
   6150        0.99614        2.03565        3.03179
   6200        0.98881        1.96887        2.95768
   6250        0.99951        1.90888        2.90839
   6300        0.97017        1.86231        2.83248
   6350        0.94543        1.82864        2.77406
   6400        0.89532        1.80211        2.69743
   6450        0.83678        1.77307        2.60985
   6500        0.82806        1.73219        2.56025
   6550        0.82513        1.67673        2.50187
   6600        0.81022        1.60595        2.41616
   6650        0.83111        1.52440        2.35551
   6700        0.85891        1.44639        2.30530
   6750        0.87941        1.38591        2.26533
   6800        0.88704        1.35069        2.23772
   6850        0.87890        1.34423        2.22313
   6900        0.83936        1.36636        2.20572
   6950        0.78929        1.41036        2.19965
   7000        0.76331        1.46451        2.22782
   7050        0.78252        1.51780        2.30032
   7100        0.84875        1.56545        2.41420
   7150        0.93839        1.61108        2.54947
   7200        1.01734        1.66468        2.68202
   7250        1.07550        1.73818        2.81368
   7300        1.13001        1.84188        2.97189
   7350        1.18249        1.98236        3.16485
   7400        1.21813        2.16064        3.37877
   7450        1.23801        2.37161        3.60962
   7500        1.23099        2.60596        3.83695
   7550        1.20074        2.85152        4.05225
   7600        1.16049        3.09543        4.25592
   7650        1.11347        3.32845        4.44192
   7700        1.07746        3.54706        4.62453
   7750        1.05325        3.75246        4.80570
   7800        1.00619        3.94959        4.95578
   7850        0.95968        4.14366        5.10334
   7900        0.90357        4.33516        5.23873
   7950        0.82365        4.51915        5.34279
   8000        0.76803        4.68445        5.45247
   8050        0.74257        4.81692        5.55949
   8100        0.72371        4.90838        5.63208
   8150        0.75290        4.95540        5.70830
   8200        0.79774        4.96117        5.75891
   8250        0.85694        4.93783        5.79477
   8300        0.96942        4.89857        5.86799
   8350        1.07768        4.85883        5.93651
   8400        1.17914        4.83324        6.01238
   8450        1.28179        4.82778        6.10956
   8500        1.30299        4.84200        6.14499
   8550        1.29707        4.86564        6.16271
   8600        1.30670        4.88233        6.18903
   8650        1.31763        4.87752        6.19515
   8700        1.40151        4.84291        6.24441
   8750        1.53385        4.78166        6.31551
   8800        1.66210        4.70109        6.36319
   8850        1.82504        4.61160        6.43664
   8900        2.00076        4.52959        6.53035
   8950        2.16517        4.46872        6.63389
   9000        2.31189        4.43713        6.74902
   9050        2.46083        4.42768        6.88850
   9100        2.56985        4.42975        6.99959
   9150        2.67248        4.43538        7.10786
   9200        2.81713        4.42600        7.24314
   9250        2.98108        4.40057        7.38165
   9300        3.18499        4.36769        7.55268
   9350        3.20901        4.34367        7.55268
   9400        3.20431        4.34838        7.55268
   9450        3.15337        4.39932        7.55268
   9500        3.04675        4.50594        7.55268
   9550        2.88718        4.66551        7.55268
   9600        2.69013        4.86256        7.55269
   9650        2.48059        5.07209        7.55269
   9700        2.28689        5.26580        7.55269
   9750        2.13345        5.41923        7.55269
   9800        2.03474        5.51795        7.55269
   9850        1.99209        5.56060        7.55269
   9900        1.99453        5.55816        7.55269
   9950        2.02301        5.52968        7.55269
  10000        2.05691        5.49578        7.55268
  10050        2.08052        5.47217        7.55268
  10100        2.08751        5.46518        7.55268
  10150        2.08196        5.47072        7.55268
  10200        2.07569        5.47700        7.55268
  10250        2.08289        5.46979        7.55268
  10300        2.11409        5.43859        7.55268
  10350        2.17149        5.38120        7.55268
  10400        2.24738        5.30530        7.55268
  10450        2.32630        5.22639        7.55268
  10500        2.38992        5.16276        7.55268
  10550        2.42333        5.12936        7.55268
  10600        2.41539        5.13257        7.54796
  10650        2.34854        5.16690        7.51544
  10700        2.33698        5.21627        7.55325
  10750        2.29114        5.26211        7.55325
  10800        2.25510        5.28470        7.53981
  10850        2.28504        5.27176        7.55681
  10900        2.33855        5.21825        7.55680
  10950        2.42504        5.13176        7.55680
  11000        2.52856        5.02824        7.55680
  11050        2.63049        4.92632        7.55680
  11100        2.71579        4.84101        7.55680
  11150        2.77793        4.77887        7.55680
  11200        2.82076        4.73605        7.55680
  11250        2.85681        4.69999        7.55680
  11300        2.90265        4.65415        7.55680
  11350        2.97275        4.58405        7.55680
  11400        3.07416        4.48265        7.55680
  11450        3.20369        4.35311        7.55680
  11500        3.34869        4.20812        7.55680
  11550        3.49112        4.06568        7.55680
  11600        3.61369        3.94311        7.55680
  11650        3.70596        3.85084        7.55680
  11700        3.76833        3.78848        7.55680
  11750        3.81261        3.74419        7.55680
  11800        3.85883        3.69797        7.55681
  11850        3.92911        3.62769        7.55681
  11900        4.04062        3.51618        7.55681
  11950        4.19970        3.35711        7.55681
  12000        4.39904        3.15776        7.55681
  12050        4.61899        2.93781        7.55680
  12100        4.83252        2.72428        7.55680
  12150        5.01247        2.54433        7.55680
  12200        5.13881        2.41799        7.55680
  12250        5.20349        2.35331        7.55680
  12300        5.21127        2.34553        7.55680
  12350        5.17627        2.38054        7.55680
  12400        5.11548        2.44132        7.55680
  12450        5.04180        2.51500        7.55680
  12500        4.95905        2.59776        7.55680
  12550        4.86090        2.69590        7.55680
  12600        4.73420        2.82261        7.55680
  12650        4.56523        2.99157        7.55680
  12700        4.34691        3.20989        7.55680
  12750        4.08393        3.47287        7.55680
  12800        3.79400        3.76280        7.55680
  12850        3.50437        4.05243        7.55681
  12900        3.24476        4.31205        7.55681
  12950        3.03891        4.51790        7.55681
  13000        2.89769        4.65912        7.55681
  13050        2.81597        4.74084        7.55681
  13100        2.77443        4.78237        7.55680
  13150        2.74569        4.81111        7.55680
  13200        2.70267        4.85413        7.55680
  13250        2.62660        4.93020        7.55680
  13300        2.51198        5.04482        7.55680
  13350        2.36710        5.18970        7.55680
  13400        2.21011        5.34669        7.55680
  13450        2.06219        5.49461        7.55680
  13500        1.94017        5.61664        7.55680
  13550        1.85113        5.70568        7.55680
  13600        1.79077        5.76603        7.55680
  13650        1.74582        5.81098        7.55680
  13700        1.69961        5.85720        7.55680
  13750        1.63872        5.91808        7.55680
  13800        1.55853        5.99828        7.55680
  13850        1.46559        6.09121        7.55680
  13900        1.37629        6.18051        7.55681
  13950        1.31204        6.24477        7.55681
  14000        1.29268        6.26412        7.55681
  14050        1.33030        6.22651        7.55681
  14100        1.42532        6.13148        7.55681
  14150        1.56628        5.99052        7.55680
  14200        1.73314        5.82367        7.55680
  14250        1.90314        5.65366        7.55680
  14300        2.05715        5.49965        7.55680
  14350        2.18442        5.37238        7.55680
  14400        2.28417        5.27263        7.55680
  14450        2.36369        5.19311        7.55680
  14500        2.43355        5.12325        7.55680
  14550        2.50193        5.05487        7.55680
  14600        2.57004        4.98676        7.55680
  14650        2.62638        4.92635        7.55273
  14700        2.58750        4.88808        7.47559
  14750        2.55672        4.88666        7.44338
  14800        2.49885        4.93309        7.43194
  14850        2.38465        5.02943        7.41408
  14900        2.25110        5.16285        7.41395
  14950        2.14480        5.30900        7.45381
  15000        2.07083        5.43577        7.50659
  15050        2.02072        5.51805        7.53876
  15100        1.99961        5.54210        7.54171
  15150        2.05269        5.50311        7.55580
  15200        2.14676        5.41561        7.56237
  15250        2.25727        5.30510        7.56237
  15300        2.36599        5.19637        7.56237
  15350        2.45318        5.10919        7.56237
  15400        2.51021        5.05216        7.56237
  15450        2.54206        5.02031        7.56237
  15500        2.56519        4.99717        7.56237
  15550        2.60165        4.96072        7.56237
  15600        2.67130        4.89106        7.56237
  15650        2.78494        4.77742        7.56237
  15700        2.94051        4.62186        7.56237
  15750        3.12379        4.43857        7.56237
  15800        3.31331        4.24906        7.56237
  15850        3.48779        4.07458        7.56237
  15900        3.63368        3.92869        7.56237
  15950        3.75019        3.81218        7.56237
  16000        3.85005        3.71232        7.56237
  16050        3.95569        3.60668        7.56237
  16100        4.09185        3.47053        7.56237
  16150        4.27703        3.28535        7.56237
  16200        4.51637        3.04600        7.56237
  16250        4.79826        2.76411        7.56237
