     50       30.48070        0.04728        0.73512        0.78239
    100      118.06434        0.18313        0.70306        0.88618
    150      249.46850        0.38695        0.66722        1.05416
    200      405.82889        0.62948        0.64907        1.27855
    250      566.71676        0.87903        0.67028        1.54931
    300      714.09000        1.10761        0.74729        1.85490
    350      835.06305        1.29525        0.88769        2.18295
    400      922.97245        1.43161        1.08923        2.52084
    450      976.91839        1.51528        1.34139        2.85667
    500     1000.51647        1.55189        1.62883        3.18072
    550      998.74493        1.54914        1.93549        3.48463
    600      975.15456        1.51255        2.24769        3.76024
    650      933.97105        1.44867        2.55542        4.00408
    700      877.82020        1.36157        2.85174        4.21331
    750      808.98621        1.25481        3.13060        4.38540
    800      732.80863        1.13665        3.38422        4.52087
    850      656.75285        1.01868        3.60167        4.62035
    900      590.26939        0.91556        3.76885        4.68441
    950      544.31112        0.84427        3.87064        4.71492
   1000      527.92238        0.81885        3.89489        4.71374
   1050      545.14010        0.84556        3.83624        4.68180
   1100      594.95645        0.92283        3.69950        4.62233
   1150      667.88682        1.03595        3.50072        4.53667
   1200      749.44833        1.16246        3.26528        4.42774
   1250      821.74864        1.27460        3.02374        4.29835
   1300      868.28472        1.34678        2.80597        4.15275
   1350      876.88460        1.36012        2.63515        3.99527
   1400      841.68468        1.30552        2.52337        3.82890
   1450      766.03626        1.18819        2.46974        3.65792
   1500      662.28862        1.02727        2.46157        3.48883
   1550      548.09322        0.85014        2.47849        3.32863
   1600      441.95852        0.68552        2.49810        3.18362
   1650      359.48497        0.55759        2.50174        3.05933
   1700      310.51713        0.48164        2.47875        2.96039
   1750      297.49321        0.46144        2.42842        2.88986
   1800      315.15621        0.48883        2.35901        2.84784
   1850      351.92314        0.54586        2.28451        2.83037
   1900      393.55657        0.61044        2.21987        2.83031
   1950      428.84353        0.66517        2.17618        2.84135
   2000      454.44851        0.70489        2.15702        2.86191
   2050      474.01214        0.73523        2.15715        2.89238
   2100      490.93919        0.76149        2.16370        2.92519
   2150      505.91300        0.78471        2.15978        2.94450
   2200      525.63356        0.81530        2.13023        2.94553
   2250      561.74362        0.87131        2.06847        2.93979
   2300      611.87073        0.94906        1.98087        2.92993
   2350      661.88749        1.02664        1.88394        2.91059
   2400      701.91073        1.08872        1.79655        2.88527
   2450      724.03163        1.12303        1.73359        2.85663
   2500      721.09448        1.11848        1.70344        2.82192
   2550      689.73539        1.06984        1.70546        2.77530
   2600      641.24137        0.99462        1.72812        2.72274
   2650      587.19173        0.91078        1.75337        2.66416
   2700      541.79560        0.84037        1.76484        2.60522
   2750      503.31078        0.78068        1.75176        2.53244
   2800      485.60873        0.75322        1.70925        2.46247
   2850      481.93753        0.74753        1.64251        2.39004
   2900      475.59290        0.73769        1.56643        2.30412
   2950      469.88931        0.72884        1.49726        2.22610
   3000      459.17207        0.71222        1.44698        2.15920
   3050      438.17114        0.67964        1.42246        2.10210
   3100      396.84809        0.61555        1.42318        2.03873
   3150      354.90219        0.55048        1.43808        1.98856
   3200      328.41035        0.50939        1.45009        1.95948
   3250      314.19459        0.48734        1.44415        1.93149
   3300      319.58310        0.49570        1.41100        1.90670
   3350      364.43360        0.56527        1.34929        1.91456
   3400      448.99682        0.69643        1.26789        1.96432
   3450      536.63301        0.83236        1.18476        2.01712
   3500      588.88621        0.91341        1.12007        2.03348
   3550      633.81582        0.98310        1.08827        2.07137
   3600      678.58602        1.05254        1.09627        2.14882
   3650      715.52620        1.10984        1.14306        2.25290
   3700      717.58429        1.11303        1.22005        2.33309
   3750      702.07241        1.08897        1.31181        2.40078
   3800      699.93587        1.08566        1.40147        2.48713
   3850      711.53460        1.10365        1.47795        2.58160
   3900      727.22402        1.12799        1.53867        2.66665
   3950      747.58925        1.15957        1.58867        2.74824
   4000      767.94919        1.19115        1.63874        2.82989
   4050      773.43895        1.19967        1.70132        2.90099
   4100      760.79452        1.18006        1.78512        2.96518
   4150      728.73648        1.13033        1.89268        3.02302
   4200      680.54818        1.05559        2.01919        3.07478
   4250      621.34715        0.96376        2.15209        3.11586
   4300      568.21802        0.88135        2.27457        3.15593
   4350      523.36017        0.81178        2.37349        3.18526
   4400      479.30703        0.74345        2.44345        3.18689
   4450      453.19619        0.70295        2.48545        3.18839
   4500      444.44939        0.68938        2.50639        3.19576
   4550      449.51608        0.69724        2.51850        3.21574
   4600      454.95271        0.70567        2.53722        3.24289
   4650      432.64487        0.67107        2.57557        3.24664
   4700      375.03990        0.58172        2.63691        3.21863
   4750      304.03756        0.47159        2.71250        3.18409
   4800      245.35352        0.38056        2.78598        3.16654
   4850      210.32954        0.32624        2.84074        3.16698
   4900      199.75536        0.30984        2.86574        3.17558
   4950      212.94320        0.33029        2.85815        3.18845
   5000      247.76698        0.38431        2.82332        3.20763
   5050      294.98230        0.45754        2.77241        3.22995
   5100      339.32455        0.52632        2.71827        3.24459
   5150      370.81745        0.57517        2.67089        3.24606
   5200      393.78155        0.61079        2.63478        3.24557
   5250      417.98579        0.64833        2.60958        3.25791
   5300      441.10368        0.68419        2.59214        3.27633
   5350      452.53699        0.70192        2.57725        3.27918
   5400      456.49452        0.70806        2.55731        3.26537
   5450      471.48380        0.73131        2.52370        3.25501
   5500      509.64999        0.79051        2.47083        3.26134
   5550      569.79522        0.88380        2.40023        3.28403
   5600      630.23733        0.97755        2.32178        3.29934
   5650      671.70203        1.04187        2.24963        3.29150
   5700      703.72423        1.09154        2.19531        3.28685
   5750      729.83792        1.13204        2.16482        3.29686
   5800      724.98847        1.12452        2.15890        3.28342
   5850      693.03491        1.07496        2.17131        3.24626
   5900      678.35328        1.05218        2.18804        3.24023
   5950      672.54128        1.04317        2.19519        3.23836
   6000      632.39718        0.98090        2.18554        3.16644
   6050      619.59508        0.96104        2.15402        3.11507
   6100      646.88368        1.00337        2.10018        3.10355
   6150      641.87916        0.99561        2.03430        3.02991
   6200      637.68026        0.98910        1.96757        2.95667
   6250      644.25517        0.99929        1.90781        2.90710
   6300      625.05317        0.96951        1.86153        2.83104
   6350      609.20696        0.94493        1.82806        2.77299
   6400      576.27598        0.89385        1.80159        2.69544
   6450      539.05914        0.83613        1.77238        2.60851
   6500      533.98513        0.82826        1.73123        2.55949
   6550      531.66504        0.82466        1.67547        2.50013
   6600      522.45655        0.81037        1.60439        2.41476
   6650      536.15882        0.83163        1.52275        2.35438
   6700      554.10841        0.85947        1.44497        2.30444
   6750      567.12176        0.87965        1.38494        2.26460
   6800      571.92171        0.88710        1.35027        2.23737
   6850      566.32402        0.87842        1.34441        2.22282
   6900      540.48406        0.83834        1.36706        2.20540
   6950      508.31195        0.78844        1.41139        2.19982
   7000      492.04755        0.76321        1.46562        2.22882
   7050      505.07673        0.78342        1.51881        2.30223
   7100      548.27962        0.85043        1.56636        2.41679
   7150      606.13422        0.94017        1.61204        2.55220
   7200      656.74881        1.01867        1.66591        2.68459
   7250      694.07459        1.07657        1.73993        2.81650
   7300      729.25254        1.13113        1.84431        2.97545
   7350      762.94703        1.18340        1.98556        3.16896
   7400      785.69140        1.21867        2.16457        3.38324
   7450      798.27479        1.23819        2.37611        3.61430
   7500      793.33578        1.23053        2.61080        3.84134
   7550      773.67326        1.20003        2.85645        4.05649
   7600      747.59162        1.15958        3.10022        4.25980
   7650      717.27767        1.11256        3.33297        4.44553
   7700      694.35182        1.07700        3.55129        4.62829
   7750      678.56754        1.05252        3.75646        4.80897
   7800      648.06079        1.00520        3.95349        4.95869
   7850      618.12446        0.95876        4.14753        5.10629
   7900      581.59959        0.90211        4.33894        5.24105
   7950      530.03912        0.82214        4.52268        5.34482
   8000      494.73488        0.76738        4.68746        5.45484
   8050      478.38671        0.74202        4.81917        5.56118
   8100      466.61248        0.72376        4.90976        5.63351
   8150      486.03608        0.75388        4.95589        5.70977
   8200      514.83018        0.79855        4.96094        5.75949
   8250      553.61746        0.85871        4.93716        5.79587
   8300      626.58764        0.97189        4.89772        5.86961
   8350      696.01285        1.07958        4.85815        5.93772
   8400      761.65705        1.18140        4.83293        6.01432
   8450      827.27313        1.28317        4.82788        6.11105
   8500      839.90173        1.30276        4.84243        6.14519
   8550      836.32982        1.29722        4.86610        6.16332
   8600      842.48343        1.30676        4.88248        6.18925
   8650      849.99348        1.31841        4.87713        6.19554
   8700      905.17240        1.40400        4.84192        6.24592
   8750      990.51537        1.53637        4.78022        6.31659
   8800     1073.41803        1.66496        4.69933        6.36430
   8850     1178.91809        1.82860        4.60983        6.43843
   8900     1292.09409        2.00415        4.52813        6.53228
   8950     1397.90891        2.16828        4.46779        6.63607
   9000     1492.35932        2.31478        4.43678        6.75155
   9050     1588.37694        2.46371        4.42762        6.89133
   9100     1657.83718        2.57145        4.42988        7.00132
   9150     1724.78558        2.67529        4.43539        7.11068
   9200     1817.92976        2.81976        4.42562        7.24538
   9250     1924.76295        2.98547        4.39995        7.38542
   9300     2053.80511        3.18563        4.36706        7.55268
   9350     2069.04407        3.20926        4.34342        7.55268
   9400     2065.51537        3.20379        4.34889        7.55268
   9450     2031.99223        3.15179        4.40089        7.55268
   9500     1962.52525        3.04404        4.50864        7.55268
   9550     1859.04103        2.88353        4.66915        7.55268
   9600     1731.67000        2.68597        4.86672        7.55269
   9650     1596.60644        2.47647        5.07621        7.55269
   9700     1472.10527        2.28336        5.26933        7.55269
   9750     1373.82334        2.13092        5.42177        7.55269
   9800     1310.92196        2.03335        5.51934        7.55269
   9850     1284.10266        1.99175        5.56093        7.55269
   9900     1286.14012        1.99491        5.55777        7.55269
   9950     1304.69818        2.02370        5.52899        7.55269
  10000     1326.50348        2.05752        5.49516        7.55268
  10050     1341.52668        2.08082        5.47186        7.55268
  10100     1345.82562        2.08749        5.46519        7.55268
  10150     1342.15380        2.08179        5.47089        7.55268
  10200     1338.19501        2.07565        5.47703        7.55268
  10250     1343.09693        2.08326        5.46943        7.55268
  10300     1363.55832        2.11500        5.43769        7.55268
  10350     1400.86809        2.17287        5.37982        7.55268
  10400     1449.94832        2.24899        5.30369        7.55268
  10450     1500.74104        2.32778        5.22491        7.55268
  10500     1541.45396        2.39093        5.16176        7.55268
  10550     1562.53555        2.42363        5.12906        7.55268
  10600     1555.29942        2.41240        5.13300        7.54540
  10650     1514.62946        2.34932        5.16779        7.51711
  10700     1506.01254        2.33595        5.21729        7.55325
  10750     1476.64665        2.29040        5.26284        7.55325
  10800     1453.60199        2.25466        5.28483        7.53949
  10850     1473.62799        2.28572        5.27108        7.55681
  10900     1508.62324        2.34000        5.21680        7.55680
  10950     1564.71558        2.42701        5.12980        7.55680
  11000     1631.55052        2.53067        5.02613        7.55680
  11050     1697.13019        2.63239        4.92441        7.55680
  11100     1751.84782        2.71727        4.83954        7.55680
  11150     1791.61460        2.77895        4.77785        7.55680
  11200     1819.04303        2.82149        4.73531        7.55680
  11250     1842.30821        2.85758        4.69922        7.55680
  11300     1872.09228        2.90377        4.65303        7.55680
  11350     1917.66509        2.97446        4.58234        7.55680
  11400     1983.44920        3.07650        4.48030        7.55680
  11450     2067.25684        3.20649        4.35031        7.55680
  11500     2160.82456        3.35162        4.20518        7.55680
  11550     2252.49591        3.49381        4.06299        7.55680
  11600     2331.17632        3.61585        3.94095        7.55680
  11650     2390.24780        3.70748        3.84932        7.55680
  11700     2430.12564        3.76933        3.78747        7.55680
  11750     2458.56422        3.81344        3.74336        7.55680
  11800     2488.53595        3.85993        3.69687        7.55681
  11850     2534.28849        3.93090        3.62591        7.55681
  11900     2606.78216        4.04334        3.51346        7.55681
  11950     2709.93302        4.20334        3.35347        7.55681
  12000     2838.86437        4.40332        3.15348        7.55681
  12050     2980.76648        4.62342        2.93338        7.55680
  12100     3118.15970        4.83653        2.72027        7.55680
  12150     3233.58768        5.01557        2.54123        7.55680
  12200     3314.26789        5.14071        2.41609        7.55680
  12250     3355.17907        5.20417        2.35263        7.55680
  12300     3359.54091        5.21093        2.34587        7.55680
  12350     3336.53364        5.17525        2.38155        7.55680
  12400     3297.11288        5.11410        2.44270        7.55680
  12450     3249.49401        5.04024        2.51656        7.55680
  12500     3196.00130        4.95727        2.59953        7.55680
  12550     3132.45144        4.85870        2.69810        7.55680
  12600     3050.29738        4.73127        2.82553        7.55680
  12650     2940.75065        4.56135        2.99545        7.55680
  12700     2799.36272        4.34205        3.21475        7.55680
  12750     2629.33380        4.07832        3.47848        7.55680
  12800     2442.23061        3.78811        3.76870        7.55680
  12850     2255.70699        3.49879        4.05801        7.55681
  12900     2088.89577        3.24006        4.31675        7.55681
  12950     1956.98072        3.03544        4.52136        7.55681
  13000     1866.76688        2.89551        4.66129        7.55681
  13050     1814.74537        2.81482        4.74198        7.55681
  13100     1788.31420        2.77383        4.78298        7.55680
  13150     1769.76047        2.74505        4.81175        7.55680
  13200     1741.69353        2.70152        4.85529        7.55680
  13250     1692.15711        2.62468        4.93212        7.55680
  13300     1617.79077        2.50933        5.04747        7.55680
  13350     1524.09927        2.36401        5.19279        7.55680
  13400     1422.87404        2.20700        5.34980        7.55680
  13450     1327.75294        2.05946        5.49735        7.55680
  13500     1249.48493        1.93806        5.61875        7.55680
  13550     1192.50046        1.84967        5.70713        7.55680
  13600     1153.88437        1.78977        5.76703        7.55680
  13650     1124.99616        1.74496        5.81184        7.55680
  13700     1095.08303        1.69857        5.85824        7.55680
  13750     1055.58651        1.63730        5.91950        7.55680
  13800     1003.65291        1.55675        6.00005        7.55680
  13850      943.66279        1.46370        6.09310        7.55680
  13900      886.27593        1.37469        6.18212        7.55681
  13950      845.31496        1.31116        6.24565        7.55681
  14000      833.51562        1.29285        6.26395        7.55681
  14050      858.53107        1.33165        6.22515        7.55681
  14100      920.48253        1.42775        6.12906        7.55681
  14150     1011.83267        1.56944        5.98737        7.55680
  14200     1119.59104        1.73658        5.82022        7.55680
  14250     1229.09411        1.90643        5.65037        7.55680
  14300     1328.08929        2.05998        5.49682        7.55680
  14350     1409.76704        2.18667        5.37013        7.55680
  14400     1473.75914        2.28593        5.27088        7.55680
  14450     1524.83241        2.36515        5.19166        7.55680
  14500     1569.81363        2.43491        5.12189        7.55680
  14550     1613.90641        2.50331        5.05350        7.55680
  14600     1657.78113        2.57136        4.98544        7.55680
  14650     1692.60922        2.62538        4.92531        7.55070
  14700     1667.52544        2.58647        4.88765        7.47412
  14750     1647.67817        2.55569        4.88709        7.44278
  14800     1609.91198        2.49711        4.93455        7.43166
  14850     1535.91969        2.38234        5.03181        7.41415
  14900     1449.77882        2.24873        5.16576        7.41449
  14950     1381.81439        2.14331        5.31183        7.45514
  15000     1334.17532        2.06942        5.43792        7.50734
  15050     1302.00239        2.01952        5.51913        7.53864
  15100     1288.81814        1.99907        5.54193        7.54100
  15150     1324.46611        2.05436        5.50175        7.55611
  15200     1385.37280        2.14883        5.41354        7.56237
  15250     1456.74874        2.25954        5.30283        7.56237
  15300     1526.67142        2.36800        5.19437        7.56237
  15350     1582.51870        2.45462        5.10775        7.56237
  15400     1618.90273        2.51106        5.05131        7.56237
  15450     1639.19993        2.54254        5.01983        7.56237
  15500     1654.14291        2.56572        4.99665        7.56237
  15550     1677.96268        2.60266        4.95970        7.56237
  15600     1723.39388        2.67313        4.88924        7.56237
  15650     1797.24049        2.78767        4.77469        7.56237
  15700     1898.00654        2.94397        4.61840        7.56237
  15750     2016.39509        3.12760        4.43477        7.56237
  15800     2138.51064        3.31701        4.24536        7.56237
  15850     2250.69110        3.49101        4.07135        7.56237
  15900     2344.34260        3.63628        3.92609        7.56237
  15950     2419.13442        3.75228        3.81009        7.56237
  16000     2483.43736        3.85202        3.71035        7.56237
  16050     2551.78471        3.95804        3.60434        7.56237
  16100     2640.10374        4.09503        3.46735        7.56237
  16150     2760.19112        4.28129        3.28108        7.56237
  16200     2915.15969        4.52166        3.04071        7.56237
  16250     3097.29514        4.80417        2.75820        7.56237
