     6
             910255256
C    0.0210223   -0.1223754   -1.4972866      -0.0000364    0.0002807   -0.0000352
N    0.0307657    0.0554719    2.6573289       0.0003285   -0.0000945    0.0001095
H   -0.6284099   -0.0396869   -0.5526142      -0.0007706   -0.0045150    0.0012177
H   -1.0032300   -0.3141567    2.5060795      -0.0041529    0.0016067    0.0008974
H    0.5656877    0.6993713    2.6959074      -0.0006953    0.0006053    0.0007628
H    0.3879366    0.3410020   -2.4712456       0.0014882    0.0002738   -0.0039796
unit angstrom
states   4  0  3
dt    20.670687
step     200
savedir /projects/academic/cyberwksp21/Students/jstetzler/SHARC_examples/copy/Tutorial/traj/Singlet_3/TRAJ_00005/restart
SOC
DM
GRAD   1
OVERLAP
PHASES
 
 
