0.00000e+00      0.00000e+00      0.00000e+00      0.00000e+00      0.00000e+00      0.00000e+00      0.00000e+00      0.00000e+00      0.00000e+00      0.00000e+00      1.00000e+00      
0.00000e+00      0.00000e+00      0.00000e+00      0.00000e+00      0.00000e+00      0.00000e+00      0.00000e+00      0.00000e+00      0.00000e+00      0.00000e+00      1.00000e+00      
0.00000e+00      0.00000e+00      0.00000e+00      0.00000e+00      0.00000e+00      0.00000e+00      4.00000e-02      4.00000e-02      0.00000e+00      0.00000e+00      9.20000e-01      
0.00000e+00      0.00000e+00      0.00000e+00      0.00000e+00      0.00000e+00      0.00000e+00      1.20000e-01      0.00000e+00      0.00000e+00      0.00000e+00      8.80000e-01      
0.00000e+00      0.00000e+00      0.00000e+00      0.00000e+00      0.00000e+00      4.00000e-02      1.60000e-01      0.00000e+00      0.00000e+00      0.00000e+00      8.00000e-01      
0.00000e+00      0.00000e+00      0.00000e+00      0.00000e+00      0.00000e+00      4.00000e-02      1.60000e-01      0.00000e+00      0.00000e+00      0.00000e+00      8.00000e-01      
0.00000e+00      0.00000e+00      0.00000e+00      0.00000e+00      0.00000e+00      4.00000e-02      1.60000e-01      0.00000e+00      0.00000e+00      0.00000e+00      8.00000e-01      
0.00000e+00      0.00000e+00      0.00000e+00      0.00000e+00      0.00000e+00      4.00000e-02      1.60000e-01      0.00000e+00      0.00000e+00      0.00000e+00      8.00000e-01      
0.00000e+00      4.00000e-02      0.00000e+00      0.00000e+00      0.00000e+00      4.00000e-02      1.60000e-01      0.00000e+00      0.00000e+00      0.00000e+00      7.60000e-01      
0.00000e+00      4.00000e-02      0.00000e+00      0.00000e+00      0.00000e+00      4.00000e-02      1.60000e-01      0.00000e+00      0.00000e+00      0.00000e+00      7.60000e-01      
0.00000e+00      4.00000e-02      0.00000e+00      0.00000e+00      0.00000e+00      4.00000e-02      1.60000e-01      0.00000e+00      4.00000e-02      0.00000e+00      7.20000e-01      
0.00000e+00      8.00000e-02      0.00000e+00      0.00000e+00      0.00000e+00      8.00000e-02      1.20000e-01      0.00000e+00      4.00000e-02      0.00000e+00      6.80000e-01      
0.00000e+00      8.00000e-02      0.00000e+00      0.00000e+00      0.00000e+00      8.00000e-02      1.60000e-01      0.00000e+00      8.00000e-02      0.00000e+00      6.00000e-01      
0.00000e+00      8.00000e-02      0.00000e+00      0.00000e+00      0.00000e+00      8.00000e-02      1.60000e-01      0.00000e+00      8.00000e-02      0.00000e+00      6.00000e-01      
0.00000e+00      8.00000e-02      0.00000e+00      0.00000e+00      0.00000e+00      8.00000e-02      1.60000e-01      0.00000e+00      8.00000e-02      0.00000e+00      6.00000e-01      
0.00000e+00      1.20000e-01      0.00000e+00      0.00000e+00      0.00000e+00      8.00000e-02      1.20000e-01      0.00000e+00      8.00000e-02      0.00000e+00      6.00000e-01      
0.00000e+00      1.20000e-01      4.00000e-02      0.00000e+00      0.00000e+00      4.00000e-02      1.20000e-01      0.00000e+00      8.00000e-02      0.00000e+00      6.00000e-01      
0.00000e+00      1.20000e-01      4.00000e-02      0.00000e+00      0.00000e+00      4.00000e-02      1.20000e-01      0.00000e+00      8.00000e-02      0.00000e+00      6.00000e-01      
0.00000e+00      1.20000e-01      4.00000e-02      0.00000e+00      0.00000e+00      4.00000e-02      1.20000e-01      0.00000e+00      8.00000e-02      0.00000e+00      6.00000e-01      
0.00000e+00      1.20000e-01      8.00000e-02      0.00000e+00      0.00000e+00      4.00000e-02      1.20000e-01      0.00000e+00      8.00000e-02      0.00000e+00      5.60000e-01      
