#    Non-Adiabatic Coupling Matrix Elements: off-diagonal
         0     0.00000000
         1    -0.00000026
         2    -0.00000053
         3    -0.00000079
         4    -0.00000105
         5    -0.00000132
         6    -0.00000158
         7    -0.00000185
         8    -0.00000211
         9    -0.00000237
        10    -0.00000264
        11    -0.00000290
        12    -0.00000316
        13    -0.00000343
        14    -0.00000369
        15    -0.00000396
        16    -0.00000422
        17    -0.00000448
        18    -0.00000475
        19    -0.00000501
        20    -0.00000528
        21    -0.00000554
        22    -0.00000580
        23    -0.00000607
        24    -0.00000633
        25    -0.00000660
        26    -0.00000686
        27    -0.00000713
        28    -0.00000739
        29    -0.00000766
        30    -0.00000792
        31    -0.00000818
        32    -0.00000845
        33    -0.00000871
        34    -0.00000898
        35    -0.00000925
        36    -0.00000951
        37    -0.00000978
        38    -0.00001004
        39    -0.00001031
        40    -0.00001057
        41    -0.00001084
        42    -0.00001110
        43    -0.00001137
        44    -0.00001164
        45    -0.00001190
        46    -0.00001217
        47    -0.00001244
        48    -0.00001270
        49    -0.00001297
        50    -0.00001324
        51    -0.00001350
        52    -0.00001377
        53    -0.00001404
        54    -0.00001431
        55    -0.00001457
        56    -0.00001484
        57    -0.00001511
        58    -0.00001538
        59    -0.00001565
        60    -0.00001591
        61    -0.00001618
        62    -0.00001645
        63    -0.00001672
        64    -0.00001699
        65    -0.00001726
        66    -0.00001753
        67    -0.00001780
        68    -0.00001807
        69    -0.00001834
        70    -0.00001861
        71    -0.00001888
        72    -0.00001915
        73    -0.00001942
        74    -0.00001969
        75    -0.00001996
        76    -0.00002023
        77    -0.00002050
        78    -0.00002078
        79    -0.00002105
        80    -0.00002132
        81    -0.00002159
        82    -0.00002187
        83    -0.00002214
        84    -0.00002241
        85    -0.00002269
        86    -0.00002296
        87    -0.00002323
        88    -0.00002351
        89    -0.00002378
        90    -0.00002406
        91    -0.00002433
        92    -0.00002461
        93    -0.00002488
        94    -0.00002516
        95    -0.00002543
        96    -0.00002571
        97    -0.00002599
        98    -0.00002626
        99    -0.00002654
       100    -0.00002682
       101    -0.00002710
       102    -0.00002737
       103    -0.00002765
       104    -0.00002793
       105    -0.00002821
       106    -0.00002849
       107    -0.00002877
       108    -0.00002905
       109    -0.00002933
       110    -0.00002961
       111    -0.00002989
       112    -0.00003017
       113    -0.00003045
       114    -0.00003073
       115    -0.00003101
       116    -0.00003130
       117    -0.00003158
       118    -0.00003186
       119    -0.00003214
       120    -0.00003243
       121    -0.00003271
       122    -0.00003300
       123    -0.00003328
       124    -0.00003357
       125    -0.00003385
       126    -0.00003414
       127    -0.00003442
       128    -0.00003471
       129    -0.00003500
       130    -0.00003528
       131    -0.00003557
       132    -0.00003586
       133    -0.00003615
       134    -0.00003644
       135    -0.00003673
       136    -0.00003702
       137    -0.00003731
       138    -0.00003760
       139    -0.00003789
       140    -0.00003818
       141    -0.00003847
       142    -0.00003876
       143    -0.00003905
       144    -0.00003935
       145    -0.00003964
       146    -0.00003993
       147    -0.00004023
       148    -0.00004052
       149    -0.00004082
       150    -0.00004111
       151    -0.00004141
       152    -0.00004171
       153    -0.00004200
       154    -0.00004230
       155    -0.00004260
       156    -0.00004290
       157    -0.00004320
       158    -0.00004350
       159    -0.00004380
       160    -0.00004410
       161    -0.00004440
       162    -0.00004470
       163    -0.00004500
       164    -0.00004530
       165    -0.00004561
       166    -0.00004591
       167    -0.00004621
       168    -0.00004652
       169    -0.00004682
       170    -0.00004713
       171    -0.00004743
       172    -0.00004774
       173    -0.00004805
       174    -0.00004835
       175    -0.00004866
       176    -0.00004897
       177    -0.00004928
       178    -0.00004959
       179    -0.00004990
       180    -0.00005021
       181    -0.00005052
       182    -0.00005084
       183    -0.00005115
       184    -0.00005146
       185    -0.00005178
       186    -0.00005209
       187    -0.00005241
       188    -0.00005272
       189    -0.00005304
       190    -0.00005335
       191    -0.00005367
       192    -0.00005399
       193    -0.00005431
       194    -0.00005463
       195    -0.00005495
       196    -0.00005527
       197    -0.00005559
       198    -0.00005591
       199    -0.00005623
       200    -0.00005656
       201    -0.00005688
       202    -0.00005721
       203    -0.00005753
       204    -0.00005786
       205    -0.00005818
       206    -0.00005851
       207    -0.00005884
       208    -0.00005917
       209    -0.00005950
       210    -0.00005983
       211    -0.00006016
       212    -0.00006049
       213    -0.00006082
       214    -0.00006116
       215    -0.00006149
       216    -0.00006182
       217    -0.00006216
       218    -0.00006250
       219    -0.00006283
       220    -0.00006317
       221    -0.00006351
       222    -0.00006385
       223    -0.00006419
       224    -0.00006453
       225    -0.00006487
       226    -0.00006521
       227    -0.00006555
       228    -0.00006590
       229    -0.00006624
       230    -0.00006659
       231    -0.00006693
       232    -0.00006728
       233    -0.00006763
       234    -0.00006798
       235    -0.00006833
       236    -0.00006868
       237    -0.00006903
       238    -0.00006938
       239    -0.00006973
       240    -0.00007009
       241    -0.00007044
       242    -0.00007080
       243    -0.00007115
       244    -0.00007151
       245    -0.00007187
       246    -0.00007223
       247    -0.00007259
       248    -0.00007295
       249    -0.00007331
       250    -0.00007367
       251    -0.00007404
       252    -0.00007440
       253    -0.00007477
       254    -0.00007514
       255    -0.00007550
       256    -0.00007587
       257    -0.00007624
       258    -0.00007661
       259    -0.00007698
       260    -0.00007736
       261    -0.00007773
       262    -0.00007810
       263    -0.00007848
       264    -0.00007886
       265    -0.00007923
       266    -0.00007961
       267    -0.00007999
       268    -0.00008037
       269    -0.00008075
       270    -0.00008114
       271    -0.00008152
       272    -0.00008190
       273    -0.00008229
       274    -0.00008268
       275    -0.00008307
       276    -0.00008345
       277    -0.00008385
       278    -0.00008424
       279    -0.00008463
       280    -0.00008502
       281    -0.00008542
       282    -0.00008581
       283    -0.00008621
       284    -0.00008661
       285    -0.00008701
       286    -0.00008741
       287    -0.00008781
       288    -0.00008821
       289    -0.00008862
       290    -0.00008902
       291    -0.00008943
       292    -0.00008984
       293    -0.00009025
       294    -0.00009066
       295    -0.00009107
       296    -0.00009148
       297    -0.00009190
       298    -0.00009231
       299    -0.00009273
       300    -0.00009315
       301    -0.00009357
       302    -0.00009399
       303    -0.00009441
       304    -0.00009483
       305    -0.00009526
       306    -0.00009568
       307    -0.00009611
       308    -0.00009654
       309    -0.00009697
       310    -0.00009740
       311    -0.00009783
       312    -0.00009827
       313    -0.00009870
       314    -0.00009914
       315    -0.00009958
       316    -0.00010002
       317    -0.00010046
       318    -0.00010090
       319    -0.00010134
       320    -0.00010179
       321    -0.00010224
       322    -0.00010268
       323    -0.00010313
       324    -0.00010359
       325    -0.00010404
       326    -0.00010449
       327    -0.00010495
       328    -0.00010541
       329    -0.00010587
       330    -0.00010633
       331    -0.00010679
       332    -0.00010725
       333    -0.00010772
       334    -0.00010819
       335    -0.00010866
       336    -0.00010913
       337    -0.00010960
       338    -0.00011007
       339    -0.00011055
       340    -0.00011102
       341    -0.00011150
       342    -0.00011198
       343    -0.00011247
       344    -0.00011295
       345    -0.00011343
       346    -0.00011392
       347    -0.00011441
       348    -0.00011490
       349    -0.00011539
       350    -0.00011589
       351    -0.00011638
       352    -0.00011688
       353    -0.00011738
       354    -0.00011788
       355    -0.00011839
       356    -0.00011889
       357    -0.00011940
       358    -0.00011991
       359    -0.00012042
       360    -0.00012093
       361    -0.00012145
       362    -0.00012197
       363    -0.00012248
       364    -0.00012301
       365    -0.00012353
       366    -0.00012405
       367    -0.00012458
       368    -0.00012511
       369    -0.00012564
       370    -0.00012617
       371    -0.00012671
       372    -0.00012724
       373    -0.00012778
       374    -0.00012832
       375    -0.00012887
       376    -0.00012941
       377    -0.00012996
       378    -0.00013051
       379    -0.00013106
       380    -0.00013162
       381    -0.00013217
       382    -0.00013273
       383    -0.00013329
       384    -0.00013385
       385    -0.00013442
       386    -0.00013499
       387    -0.00013556
       388    -0.00013613
       389    -0.00013670
       390    -0.00013728
       391    -0.00013786
       392    -0.00013844
       393    -0.00013902
       394    -0.00013961
       395    -0.00014020
       396    -0.00014079
       397    -0.00014138
       398    -0.00014198
       399    -0.00014258
       400    -0.00014318
       401    -0.00014378
       402    -0.00014439
       403    -0.00014500
       404    -0.00014561
       405    -0.00014622
       406    -0.00014684
       407    -0.00014746
       408    -0.00014808
       409    -0.00014871
       410    -0.00014933
       411    -0.00014996
       412    -0.00015060
       413    -0.00015123
       414    -0.00015187
       415    -0.00015251
       416    -0.00015316
       417    -0.00015380
       418    -0.00015445
       419    -0.00015510
       420    -0.00015576
       421    -0.00015642
       422    -0.00015708
       423    -0.00015774
       424    -0.00015841
       425    -0.00015908
       426    -0.00015975
       427    -0.00016043
       428    -0.00016111
       429    -0.00016179
       430    -0.00016248
       431    -0.00016316
       432    -0.00016386
       433    -0.00016455
       434    -0.00016525
       435    -0.00016595
       436    -0.00016665
       437    -0.00016736
       438    -0.00016807
       439    -0.00016879
       440    -0.00016951
       441    -0.00017023
       442    -0.00017095
       443    -0.00017168
       444    -0.00017241
       445    -0.00017315
       446    -0.00017388
       447    -0.00017463
       448    -0.00017537
       449    -0.00017612
       450    -0.00017687
       451    -0.00017763
       452    -0.00017839
       453    -0.00017915
       454    -0.00017992
       455    -0.00018069
       456    -0.00018146
       457    -0.00018224
       458    -0.00018302
       459    -0.00018381
       460    -0.00018460
       461    -0.00018539
       462    -0.00018619
       463    -0.00018699
       464    -0.00018780
       465    -0.00018861
       466    -0.00018942
       467    -0.00019024
       468    -0.00019106
       469    -0.00019189
       470    -0.00019272
       471    -0.00019355
       472    -0.00019439
       473    -0.00019524
       474    -0.00019608
       475    -0.00019693
       476    -0.00019779
       477    -0.00019865
       478    -0.00019952
       479    -0.00020039
       480    -0.00020126
       481    -0.00020214
       482    -0.00020302
       483    -0.00020391
       484    -0.00020480
       485    -0.00020570
       486    -0.00020660
       487    -0.00020751
       488    -0.00020842
       489    -0.00020933
       490    -0.00021025
       491    -0.00021118
       492    -0.00021211
       493    -0.00021305
       494    -0.00021399
       495    -0.00021493
       496    -0.00021588
       497    -0.00021684
       498    -0.00021780
       499    -0.00021877
       500    -0.00021974
       501    -0.00022072
       502    -0.00022170
       503    -0.00022269
       504    -0.00022368
       505    -0.00022468
       506    -0.00022568
       507    -0.00022669
       508    -0.00022771
       509    -0.00022873
       510    -0.00022976
       511    -0.00023079
       512    -0.00023183
       513    -0.00023287
       514    -0.00023392
       515    -0.00023498
       516    -0.00023604
       517    -0.00023711
       518    -0.00023818
       519    -0.00023927
       520    -0.00024035
       521    -0.00024145
       522    -0.00024254
       523    -0.00024365
       524    -0.00024476
       525    -0.00024588
       526    -0.00024701
       527    -0.00024814
       528    -0.00024928
       529    -0.00025042
       530    -0.00025157
       531    -0.00025273
       532    -0.00025390
       533    -0.00025507
       534    -0.00025625
       535    -0.00025744
       536    -0.00025863
       537    -0.00025983
       538    -0.00026104
       539    -0.00026225
       540    -0.00026348
       541    -0.00026471
       542    -0.00026594
       543    -0.00026719
       544    -0.00026844
       545    -0.00026970
       546    -0.00027097
       547    -0.00027224
       548    -0.00027353
       549    -0.00027482
       550    -0.00027612
       551    -0.00027743
       552    -0.00027874
       553    -0.00028007
       554    -0.00028140
       555    -0.00028274
       556    -0.00028409
       557    -0.00028545
       558    -0.00028681
       559    -0.00028819
       560    -0.00028957
       561    -0.00029096
       562    -0.00029236
       563    -0.00029377
       564    -0.00029519
       565    -0.00029662
       566    -0.00029806
       567    -0.00029951
       568    -0.00030096
       569    -0.00030243
       570    -0.00030391
       571    -0.00030539
       572    -0.00030689
       573    -0.00030839
       574    -0.00030990
       575    -0.00031143
       576    -0.00031296
       577    -0.00031451
       578    -0.00031606
       579    -0.00031763
       580    -0.00031921
       581    -0.00032079
       582    -0.00032239
       583    -0.00032400
       584    -0.00032562
       585    -0.00032725
       586    -0.00032889
       587    -0.00033054
       588    -0.00033221
       589    -0.00033388
       590    -0.00033557
       591    -0.00033727
       592    -0.00033898
       593    -0.00034070
       594    -0.00034243
       595    -0.00034418
       596    -0.00034594
       597    -0.00034771
       598    -0.00034949
       599    -0.00035129
       600    -0.00035310
       601    -0.00035492
       602    -0.00035675
       603    -0.00035860
       604    -0.00036046
       605    -0.00036233
       606    -0.00036422
       607    -0.00036612
       608    -0.00036804
       609    -0.00036996
       610    -0.00037191
       611    -0.00037386
       612    -0.00037583
       613    -0.00037782
       614    -0.00037982
       615    -0.00038183
       616    -0.00038386
       617    -0.00038591
       618    -0.00038797
       619    -0.00039004
       620    -0.00039213
       621    -0.00039424
       622    -0.00039636
       623    -0.00039850
       624    -0.00040065
       625    -0.00040282
       626    -0.00040501
       627    -0.00040721
       628    -0.00040943
       629    -0.00041167
       630    -0.00041392
       631    -0.00041619
       632    -0.00041848
       633    -0.00042079
       634    -0.00042311
       635    -0.00042546
       636    -0.00042782
       637    -0.00043020
       638    -0.00043260
       639    -0.00043501
       640    -0.00043745
       641    -0.00043990
       642    -0.00044238
       643    -0.00044487
       644    -0.00044739
       645    -0.00044992
       646    -0.00045248
       647    -0.00045505
       648    -0.00045765
       649    -0.00046027
       650    -0.00046290
       651    -0.00046556
       652    -0.00046825
       653    -0.00047095
       654    -0.00047368
       655    -0.00047642
       656    -0.00047919
       657    -0.00048199
       658    -0.00048481
       659    -0.00048765
       660    -0.00049051
       661    -0.00049340
       662    -0.00049631
       663    -0.00049925
       664    -0.00050221
       665    -0.00050520
       666    -0.00050821
       667    -0.00051125
       668    -0.00051431
       669    -0.00051740
       670    -0.00052052
       671    -0.00052366
       672    -0.00052683
       673    -0.00053003
       674    -0.00053326
       675    -0.00053651
       676    -0.00053979
       677    -0.00054310
       678    -0.00054645
       679    -0.00054982
       680    -0.00055322
       681    -0.00055665
       682    -0.00056011
       683    -0.00056360
       684    -0.00056712
       685    -0.00057068
       686    -0.00057427
       687    -0.00057789
       688    -0.00058154
       689    -0.00058522
       690    -0.00058894
       691    -0.00059270
       692    -0.00059648
       693    -0.00060031
       694    -0.00060417
       695    -0.00060806
       696    -0.00061199
       697    -0.00061596
       698    -0.00061996
       699    -0.00062400
       700    -0.00062808
       701    -0.00063220
       702    -0.00063636
       703    -0.00064056
       704    -0.00064479
       705    -0.00064907
       706    -0.00065339
       707    -0.00065775
       708    -0.00066215
       709    -0.00066660
       710    -0.00067109
       711    -0.00067562
       712    -0.00068020
       713    -0.00068482
       714    -0.00068949
       715    -0.00069420
       716    -0.00069896
       717    -0.00070377
       718    -0.00070862
       719    -0.00071353
       720    -0.00071848
       721    -0.00072349
       722    -0.00072854
       723    -0.00073365
       724    -0.00073880
       725    -0.00074401
       726    -0.00074928
       727    -0.00075460
       728    -0.00075997
       729    -0.00076540
       730    -0.00077088
       731    -0.00077642
       732    -0.00078202
       733    -0.00078768
       734    -0.00079340
       735    -0.00079918
       736    -0.00080502
       737    -0.00081092
       738    -0.00081689
       739    -0.00082292
       740    -0.00082901
       741    -0.00083517
       742    -0.00084140
       743    -0.00084769
       744    -0.00085405
       745    -0.00086049
       746    -0.00086699
       747    -0.00087356
       748    -0.00088021
       749    -0.00088693
       750    -0.00089373
       751    -0.00090060
       752    -0.00090755
       753    -0.00091458
       754    -0.00092168
       755    -0.00092887
       756    -0.00093614
       757    -0.00094349
       758    -0.00095092
       759    -0.00095845
       760    -0.00096605
       761    -0.00097375
       762    -0.00098153
       763    -0.00098941
       764    -0.00099738
       765    -0.00100544
       766    -0.00101360
       767    -0.00102185
       768    -0.00103020
       769    -0.00103866
       770    -0.00104721
       771    -0.00105586
       772    -0.00106462
       773    -0.00107349
       774    -0.00108246
       775    -0.00109154
       776    -0.00110074
       777    -0.00111004
       778    -0.00111947
       779    -0.00112900
       780    -0.00113866
       781    -0.00114844
       782    -0.00115834
       783    -0.00116836
       784    -0.00117851
       785    -0.00118879
       786    -0.00119920
       787    -0.00120974
       788    -0.00122042
       789    -0.00123123
       790    -0.00124218
       791    -0.00125328
       792    -0.00126452
       793    -0.00127591
       794    -0.00128744
       795    -0.00129913
       796    -0.00131097
       797    -0.00132297
       798    -0.00133513
       799    -0.00134746
       800    -0.00135994
       801    -0.00137260
       802    -0.00138543
       803    -0.00139843
       804    -0.00141161
       805    -0.00142496
       806    -0.00143851
       807    -0.00145224
       808    -0.00146616
       809    -0.00148027
       810    -0.00149458
       811    -0.00150909
       812    -0.00152381
       813    -0.00153873
       814    -0.00155387
       815    -0.00156922
       816    -0.00158479
       817    -0.00160059
       818    -0.00161661
       819    -0.00163287
       820    -0.00164936
       821    -0.00166610
       822    -0.00168307
       823    -0.00170030
       824    -0.00171779
       825    -0.00173553
       826    -0.00175354
       827    -0.00177182
       828    -0.00179037
       829    -0.00180921
       830    -0.00182833
       831    -0.00184774
       832    -0.00186745
       833    -0.00188746
       834    -0.00190778
       835    -0.00192841
       836    -0.00194937
       837    -0.00197065
       838    -0.00199227
       839    -0.00201423
       840    -0.00203653
       841    -0.00205919
       842    -0.00208221
       843    -0.00210560
       844    -0.00212937
       845    -0.00215352
       846    -0.00217806
       847    -0.00220300
       848    -0.00222835
       849    -0.00225411
       850    -0.00228031
       851    -0.00230693
       852    -0.00233400
       853    -0.00236152
       854    -0.00238950
       855    -0.00241796
       856    -0.00244689
       857    -0.00247632
       858    -0.00250625
       859    -0.00253669
       860    -0.00256765
       861    -0.00259915
       862    -0.00263120
       863    -0.00266381
       864    -0.00269698
       865    -0.00273074
       866    -0.00276509
       867    -0.00280005
       868    -0.00283563
       869    -0.00287185
       870    -0.00290871
       871    -0.00294624
       872    -0.00298445
       873    -0.00302335
       874    -0.00306295
       875    -0.00310328
       876    -0.00314435
       877    -0.00318618
       878    -0.00322878
       879    -0.00327216
       880    -0.00331636
       881    -0.00336138
       882    -0.00340725
       883    -0.00345397
       884    -0.00350158
       885    -0.00355010
       886    -0.00359953
       887    -0.00364991
       888    -0.00370125
       889    -0.00375358
       890    -0.00380691
       891    -0.00386127
       892    -0.00391669
       893    -0.00397319
       894    -0.00403078
       895    -0.00408951
       896    -0.00414938
       897    -0.00421043
       898    -0.00427268
       899    -0.00433616
       900    -0.00440089
       901    -0.00446691
       902    -0.00453424
       903    -0.00460291
       904    -0.00467296
       905    -0.00474440
       906    -0.00481727
       907    -0.00489160
       908    -0.00496742
       909    -0.00504476
       910    -0.00512366
       911    -0.00520414
       912    -0.00528624
       913    -0.00537000
       914    -0.00545544
       915    -0.00554260
       916    -0.00563151
       917    -0.00572220
       918    -0.00581472
       919    -0.00590909
       920    -0.00600535
       921    -0.00610353
       922    -0.00620366
       923    -0.00630579
       924    -0.00640993
       925    -0.00651614
       926    -0.00662443
       927    -0.00673483
       928    -0.00684739
       929    -0.00696213
       930    -0.00707907
       931    -0.00719825
       932    -0.00731970
       933    -0.00744342
       934    -0.00756946
       935    -0.00769782
       936    -0.00782853
       937    -0.00796160
       938    -0.00809704
       939    -0.00823487
       940    -0.00837509
       941    -0.00851771
       942    -0.00866271
       943    -0.00881010
       944    -0.00895987
       945    -0.00911199
       946    -0.00926645
       947    -0.00942323
       948    -0.00958228
       949    -0.00974357
       950    -0.00990704
       951    -0.01007265
       952    -0.01024033
       953    -0.01041000
       954    -0.01058159
       955    -0.01075500
       956    -0.01093013
       957    -0.01110688
       958    -0.01128510
       959    -0.01146468
       960    -0.01164545
       961    -0.01182727
       962    -0.01200996
       963    -0.01219333
       964    -0.01237719
       965    -0.01256132
       966    -0.01274549
       967    -0.01292947
       968    -0.01311300
       969    -0.01329582
       970    -0.01347764
       971    -0.01365816
       972    -0.01383709
       973    -0.01401410
       974    -0.01418887
       975    -0.01436105
       976    -0.01453029
       977    -0.01469624
       978    -0.01485853
       979    -0.01501679
       980    -0.01517065
       981    -0.01531973
       982    -0.01546365
       983    -0.01560204
       984    -0.01573453
       985    -0.01586075
       986    -0.01598035
       987    -0.01684263
       988    -0.01695449
       989    -0.01705775
       990    -0.01715209
       991    -0.01723718
       992    -0.01731272
       993    -0.01737846
       994    -0.01743416
       995    -0.01747963
       996    -0.01751470
       997    -0.01753925
       998    -0.01755318
       999    -0.01755645
      1000    -0.01754904
      1001    -0.01753098
      1002    -0.01750233
      1003    -0.01746321
      1004    -0.01741375
      1005    -0.01735412
      1006    -0.01728454
      1007    -0.01720526
      1008    -0.01711655
      1009    -0.01701870
      1010    -0.01691205
      1011    -0.01679696
      1012    -0.01667378
      1013    -0.01654291
      1014    -0.01640476
      1015    -0.01625973
      1016    -0.01610826
      1017    -0.01595077
      1018    -0.01578769
      1019    -0.01561947
      1020    -0.01544653
      1021    -0.01526930
      1022    -0.01508821
      1023    -0.01490368
      1024    -0.01471612
      1025    -0.01452591
      1026    -0.01433345
      1027    -0.01413910
      1028    -0.01394323
      1029    -0.01374618
      1030    -0.01354827
      1031    -0.01334982
      1032    -0.01315112
      1033    -0.01295245
      1034    -0.01275407
      1035    -0.01255623
      1036    -0.01235916
      1037    -0.01216307
      1038    -0.01196816
      1039    -0.01177461
      1040    -0.01158259
      1041    -0.01139225
      1042    -0.01120374
      1043    -0.01101718
      1044    -0.01083268
      1045    -0.01065035
      1046    -0.01047028
      1047    -0.01029254
      1048    -0.01011722
      1049    -0.00994435
      1050    -0.00977401
      1051    -0.00960623
      1052    -0.00944104
      1053    -0.00927847
      1054    -0.00911855
      1055    -0.00896129
      1056    -0.00880669
      1057    -0.00865476
      1058    -0.00850550
      1059    -0.00835890
      1060    -0.00821494
      1061    -0.00807363
      1062    -0.00793493
      1063    -0.00779883
      1064    -0.00766530
      1065    -0.00753433
      1066    -0.00740587
      1067    -0.00727990
      1068    -0.00715640
      1069    -0.00703531
      1070    -0.00691662
      1071    -0.00680029
      1072    -0.00668627
      1073    -0.00657454
      1074    -0.00646504
      1075    -0.00635776
      1076    -0.00625264
      1077    -0.00614965
      1078    -0.00604874
      1079    -0.00594989
      1080    -0.00585304
      1081    -0.00575817
      1082    -0.00566523
      1083    -0.00557418
      1084    -0.00548499
      1085    -0.00539761
      1086    -0.00531202
      1087    -0.00522816
      1088    -0.00514602
      1089    -0.00506554
      1090    -0.00498669
      1091    -0.00490944
      1092    -0.00483376
      1093    -0.00475960
      1094    -0.00468694
      1095    -0.00461574
      1096    -0.00454598
      1097    -0.00447761
      1098    -0.00441060
      1099    -0.00434494
      1100    -0.00428058
      1101    -0.00421750
      1102    -0.00415566
      1103    -0.00409505
      1104    -0.00403563
      1105    -0.00397737
      1106    -0.00392026
      1107    -0.00386426
      1108    -0.00380934
      1109    -0.00375549
      1110    -0.00370268
      1111    -0.00365089
      1112    -0.00360009
      1113    -0.00355026
      1114    -0.00350138
      1115    -0.00345342
      1116    -0.00340638
      1117    -0.00336021
      1118    -0.00331492
      1119    -0.00327047
      1120    -0.00322685
      1121    -0.00318404
      1122    -0.00314201
      1123    -0.00310077
      1124    -0.00306028
      1125    -0.00302052
      1126    -0.00298149
      1127    -0.00294317
      1128    -0.00290554
      1129    -0.00286859
      1130    -0.00283230
      1131    -0.00279665
      1132    -0.00276164
      1133    -0.00272724
      1134    -0.00269345
      1135    -0.00266026
      1136    -0.00262764
      1137    -0.00259559
      1138    -0.00256410
      1139    -0.00253315
      1140    -0.00250273
      1141    -0.00247283
      1142    -0.00244344
      1143    -0.00241454
      1144    -0.00238614
      1145    -0.00235821
      1146    -0.00233076
      1147    -0.00230375
      1148    -0.00227720
      1149    -0.00225109
      1150    -0.00222540
      1151    -0.00220014
      1152    -0.00217529
      1153    -0.00215084
      1154    -0.00212679
      1155    -0.00210313
      1156    -0.00207985
      1157    -0.00205694
      1158    -0.00203439
      1159    -0.00201220
      1160    -0.00199036
      1161    -0.00196887
      1162    -0.00194771
      1163    -0.00192688
      1164    -0.00190638
      1165    -0.00188619
      1166    -0.00186631
      1167    -0.00184674
      1168    -0.00182746
      1169    -0.00180848
      1170    -0.00178979
      1171    -0.00177137
      1172    -0.00175324
      1173    -0.00173537
      1174    -0.00171778
      1175    -0.00170044
      1176    -0.00168336
      1177    -0.00166653
      1178    -0.00164994
      1179    -0.00163360
      1180    -0.00161750
      1181    -0.00160163
      1182    -0.00158599
      1183    -0.00157057
      1184    -0.00155537
      1185    -0.00154039
      1186    -0.00152562
      1187    -0.00151106
      1188    -0.00149671
      1189    -0.00148255
      1190    -0.00146860
      1191    -0.00145483
      1192    -0.00144126
      1193    -0.00142788
      1194    -0.00141468
      1195    -0.00140166
      1196    -0.00138882
      1197    -0.00137615
      1198    -0.00136365
      1199    -0.00135132
      1200    -0.00133916
      1201    -0.00132716
      1202    -0.00131532
      1203    -0.00130364
      1204    -0.00129211
      1205    -0.00128073
      1206    -0.00126951
      1207    -0.00125843
      1208    -0.00124749
      1209    -0.00123670
      1210    -0.00122604
      1211    -0.00121552
      1212    -0.00120514
      1213    -0.00119489
      1214    -0.00118477
      1215    -0.00117478
      1216    -0.00116491
      1217    -0.00115517
      1218    -0.00114555
      1219    -0.00113605
      1220    -0.00112667
      1221    -0.00111741
      1222    -0.00110826
      1223    -0.00109923
      1224    -0.00109030
      1225    -0.00108148
      1226    -0.00107277
      1227    -0.00106417
      1228    -0.00105567
      1229    -0.00104727
      1230    -0.00103898
      1231    -0.00103078
      1232    -0.00102268
      1233    -0.00101468
      1234    -0.00100677
      1235    -0.00099896
      1236    -0.00099124
      1237    -0.00098361
      1238    -0.00097606
      1239    -0.00096861
      1240    -0.00096124
      1241    -0.00095396
      1242    -0.00094676
      1243    -0.00093964
      1244    -0.00093261
      1245    -0.00092565
      1246    -0.00091878
      1247    -0.00091198
      1248    -0.00090526
      1249    -0.00089862
      1250    -0.00089205
      1251    -0.00088555
      1252    -0.00087912
      1253    -0.00087277
      1254    -0.00086649
      1255    -0.00086028
      1256    -0.00085413
      1257    -0.00084805
      1258    -0.00084204
      1259    -0.00083610
      1260    -0.00083022
      1261    -0.00082440
      1262    -0.00081865
      1263    -0.00081295
      1264    -0.00080732
      1265    -0.00080175
      1266    -0.00079624
      1267    -0.00079079
      1268    -0.00078539
      1269    -0.00078006
      1270    -0.00077477
      1271    -0.00076955
      1272    -0.00076438
      1273    -0.00075926
      1274    -0.00075419
      1275    -0.00074918
      1276    -0.00074422
      1277    -0.00073931
      1278    -0.00073445
      1279    -0.00072965
      1280    -0.00072489
      1281    -0.00072018
      1282    -0.00071551
      1283    -0.00071090
      1284    -0.00070633
      1285    -0.00070181
      1286    -0.00069733
      1287    -0.00069290
      1288    -0.00068851
      1289    -0.00068416
      1290    -0.00067986
      1291    -0.00067560
      1292    -0.00067138
      1293    -0.00066721
      1294    -0.00066308
      1295    -0.00065898
      1296    -0.00065493
      1297    -0.00065091
      1298    -0.00064694
      1299    -0.00064300
      1300    -0.00063910
      1301    -0.00063524
      1302    -0.00063142
      1303    -0.00062763
      1304    -0.00062388
      1305    -0.00062016
      1306    -0.00061648
      1307    -0.00061284
      1308    -0.00060923
      1309    -0.00060565
      1310    -0.00060211
      1311    -0.00059860
      1312    -0.00059512
      1313    -0.00059168
      1314    -0.00058826
      1315    -0.00058488
      1316    -0.00058153
      1317    -0.00057822
      1318    -0.00057493
      1319    -0.00057167
      1320    -0.00056844
      1321    -0.00056525
      1322    -0.00056208
      1323    -0.00055894
      1324    -0.00055582
      1325    -0.00055274
      1326    -0.00054969
      1327    -0.00054666
      1328    -0.00054366
      1329    -0.00054068
      1330    -0.00053774
      1331    -0.00053482
      1332    -0.00053192
      1333    -0.00052905
      1334    -0.00052621
      1335    -0.00052339
      1336    -0.00052060
      1337    -0.00051783
      1338    -0.00051509
      1339    -0.00051237
      1340    -0.00050967
      1341    -0.00050700
      1342    -0.00050435
      1343    -0.00050172
      1344    -0.00049912
      1345    -0.00049654
      1346    -0.00049398
      1347    -0.00049144
      1348    -0.00048893
      1349    -0.00048643
      1350    -0.00048396
      1351    -0.00048151
      1352    -0.00047908
      1353    -0.00047667
      1354    -0.00047428
      1355    -0.00047191
      1356    -0.00046957
      1357    -0.00046724
      1358    -0.00046493
      1359    -0.00046264
      1360    -0.00046037
      1361    -0.00045812
      1362    -0.00045589
      1363    -0.00045367
      1364    -0.00045148
      1365    -0.00044930
      1366    -0.00044714
      1367    -0.00044500
      1368    -0.00044288
      1369    -0.00044077
      1370    -0.00043869
      1371    -0.00043661
      1372    -0.00043456
      1373    -0.00043252
      1374    -0.00043050
      1375    -0.00042850
      1376    -0.00042651
      1377    -0.00042454
      1378    -0.00042259
      1379    -0.00042065
      1380    -0.00041872
      1381    -0.00041681
      1382    -0.00041492
      1383    -0.00041305
      1384    -0.00041118
      1385    -0.00040934
      1386    -0.00040750
      1387    -0.00040569
      1388    -0.00040388
      1389    -0.00040209
      1390    -0.00040032
      1391    -0.00039856
      1392    -0.00039681
      1393    -0.00039508
      1394    -0.00039336
      1395    -0.00039166
      1396    -0.00038997
      1397    -0.00038829
      1398    -0.00038663
      1399    -0.00038497
      1400    -0.00038334
      1401    -0.00038171
      1402    -0.00038010
      1403    -0.00037850
      1404    -0.00037691
      1405    -0.00037533
      1406    -0.00037377
      1407    -0.00037222
      1408    -0.00037068
      1409    -0.00036916
      1410    -0.00036764
      1411    -0.00036614
      1412    -0.00036465
      1413    -0.00036317
      1414    -0.00036170
      1415    -0.00036025
      1416    -0.00035880
      1417    -0.00035737
      1418    -0.00035594
      1419    -0.00035453
      1420    -0.00035313
      1421    -0.00035174
      1422    -0.00035036
      1423    -0.00034899
      1424    -0.00034763
      1425    -0.00034629
      1426    -0.00034495
      1427    -0.00034362
      1428    -0.00034231
      1429    -0.00034100
      1430    -0.00033970
      1431    -0.00033842
      1432    -0.00033714
      1433    -0.00033587
      1434    -0.00033461
      1435    -0.00033337
      1436    -0.00033213
      1437    -0.00033090
      1438    -0.00032968
      1439    -0.00032847
      1440    -0.00032727
      1441    -0.00032608
      1442    -0.00032489
      1443    -0.00032372
      1444    -0.00032256
      1445    -0.00032140
      1446    -0.00032025
      1447    -0.00031912
      1448    -0.00031799
      1449    -0.00031687
      1450    -0.00031575
      1451    -0.00031465
      1452    -0.00031355
      1453    -0.00031247
      1454    -0.00031139
      1455    -0.00031032
      1456    -0.00030926
      1457    -0.00030820
      1458    -0.00030716
      1459    -0.00030612
      1460    -0.00030509
      1461    -0.00030407
      1462    -0.00030305
      1463    -0.00030205
      1464    -0.00030105
      1465    -0.00030006
      1466    -0.00029907
      1467    -0.00029810
      1468    -0.00029713
      1469    -0.00029617
      1470    -0.00029521
      1471    -0.00029427
      1472    -0.00029333
      1473    -0.00029239
      1474    -0.00029147
      1475    -0.00029055
      1476    -0.00028964
      1477    -0.00028874
      1478    -0.00028784
      1479    -0.00028695
      1480    -0.00028607
      1481    -0.00028519
      1482    -0.00028432
      1483    -0.00028346
      1484    -0.00028261
      1485    -0.00028176
      1486    -0.00028091
      1487    -0.00028008
      1488    -0.00027925
      1489    -0.00027843
      1490    -0.00027761
      1491    -0.00027680
      1492    -0.00027600
      1493    -0.00027520
      1494    -0.00027441
      1495    -0.00027363
      1496    -0.00027285
      1497    -0.00027208
      1498    -0.00027131
      1499    -0.00027055
      1500    -0.00026980
      1501    -0.00026905
      1502    -0.00026831
      1503    -0.00026757
      1504    -0.00026684
      1505    -0.00026612
      1506    -0.00026540
      1507    -0.00026469
      1508    -0.00026398
      1509    -0.00026328
      1510    -0.00026258
      1511    -0.00026189
      1512    -0.00026121
      1513    -0.00026053
      1514    -0.00025986
      1515    -0.00025919
      1516    -0.00025853
      1517    -0.00025788
      1518    -0.00025722
      1519    -0.00025658
      1520    -0.00025594
      1521    -0.00025531
      1522    -0.00025468
      1523    -0.00025405
      1524    -0.00025344
      1525    -0.00025282
      1526    -0.00025221
      1527    -0.00025161
      1528    -0.00025101
      1529    -0.00025042
      1530    -0.00024984
      1531    -0.00024925
      1532    -0.00024868
      1533    -0.00024810
      1534    -0.00024754
      1535    -0.00024698
      1536    -0.00024642
      1537    -0.00024587
      1538    -0.00024532
      1539    -0.00024478
      1540    -0.00024424
      1541    -0.00024371
      1542    -0.00024318
      1543    -0.00024266
      1544    -0.00024214
      1545    -0.00024163
      1546    -0.00024112
      1547    -0.00024062
      1548    -0.00024012
      1549    -0.00023962
      1550    -0.00023913
      1551    -0.00023865
      1552    -0.00023817
      1553    -0.00023769
      1554    -0.00023722
      1555    -0.00023676
      1556    -0.00023629
      1557    -0.00023584
      1558    -0.00023538
      1559    -0.00023494
      1560    -0.00023449
      1561    -0.00023405
      1562    -0.00023362
      1563    -0.00023319
      1564    -0.00023276
      1565    -0.00023234
      1566    -0.00023192
      1567    -0.00023151
      1568    -0.00023110
      1569    -0.00023070
      1570    -0.00023030
      1571    -0.00022990
      1572    -0.00022951
      1573    -0.00022912
      1574    -0.00022874
      1575    -0.00022836
      1576    -0.00022798
      1577    -0.00022761
      1578    -0.00022725
      1579    -0.00022688
      1580    -0.00022653
      1581    -0.00022617
      1582    -0.00022582
      1583    -0.00022548
      1584    -0.00022514
      1585    -0.00022480
      1586    -0.00022447
      1587    -0.00022414
      1588    -0.00022381
      1589    -0.00022349
      1590    -0.00022317
      1591    -0.00022286
      1592    -0.00022255
      1593    -0.00022224
      1594    -0.00022194
      1595    -0.00022165
      1596    -0.00022135
      1597    -0.00022106
      1598    -0.00022078
      1599    -0.00022049
      1600    -0.00022022
      1601    -0.00021994
      1602    -0.00021967
      1603    -0.00021941
      1604    -0.00021914
      1605    -0.00021888
      1606    -0.00021863
      1607    -0.00021838
      1608    -0.00021813
      1609    -0.00021789
      1610    -0.00021765
      1611    -0.00021741
      1612    -0.00021718
      1613    -0.00021695
      1614    -0.00021673
      1615    -0.00021650
      1616    -0.00021629
      1617    -0.00021607
      1618    -0.00021586
      1619    -0.00021566
      1620    -0.00021545
      1621    -0.00021526
      1622    -0.00021506
      1623    -0.00021487
      1624    -0.00021468
      1625    -0.00021450
      1626    -0.00021431
      1627    -0.00021414
      1628    -0.00021396
      1629    -0.00021379
      1630    -0.00021363
      1631    -0.00021346
      1632    -0.00021330
      1633    -0.00021315
      1634    -0.00021300
      1635    -0.00021285
      1636    -0.00021270
      1637    -0.00021256
      1638    -0.00021242
      1639    -0.00021229
      1640    -0.00021215
      1641    -0.00021203
      1642    -0.00021190
      1643    -0.00021178
      1644    -0.00021166
      1645    -0.00021155
      1646    -0.00021144
      1647    -0.00021133
      1648    -0.00021123
      1649    -0.00021113
      1650    -0.00021103
      1651    -0.00021093
      1652    -0.00021084
      1653    -0.00021076
      1654    -0.00021067
      1655    -0.00021059
      1656    -0.00021052
      1657    -0.00021044
      1658    -0.00021037
      1659    -0.00021030
      1660    -0.00021024
      1661    -0.00021018
      1662    -0.00021012
      1663    -0.00021007
      1664    -0.00021002
      1665    -0.00020997
      1666    -0.00020993
      1667    -0.00020989
      1668    -0.00020985
      1669    -0.00020981
      1670    -0.00020978
      1671    -0.00020975
      1672    -0.00020973
      1673    -0.00020971
      1674    -0.00020969
      1675    -0.00020967
      1676    -0.00020966
      1677    -0.00020965
      1678    -0.00020965
      1679    -0.00020965
      1680    -0.00020965
      1681    -0.00020965
      1682    -0.00020966
      1683    -0.00020967
      1684    -0.00020968
      1685    -0.00020970
      1686    -0.00020971
      1687    -0.00020974
      1688    -0.00020976
      1689    -0.00020979
      1690    -0.00020982
      1691    -0.00020986
      1692    -0.00020989
      1693    -0.00020994
      1694    -0.00020998
      1695    -0.00021003
      1696    -0.00021008
      1697    -0.00021013
      1698    -0.00021018
      1699    -0.00021024
      1700    -0.00021030
      1701    -0.00021037
      1702    -0.00021044
      1703    -0.00021051
      1704    -0.00021058
      1705    -0.00021066
      1706    -0.00021074
      1707    -0.00021082
      1708    -0.00021090
      1709    -0.00021099
      1710    -0.00021108
      1711    -0.00021118
      1712    -0.00021127
      1713    -0.00021137
      1714    -0.00021148
      1715    -0.00021158
      1716    -0.00021169
      1717    -0.00021180
      1718    -0.00021191
      1719    -0.00021203
      1720    -0.00021215
      1721    -0.00021227
      1722    -0.00021240
      1723    -0.00021252
      1724    -0.00021265
      1725    -0.00021279
      1726    -0.00021292
      1727    -0.00021306
      1728    -0.00021320
      1729    -0.00021335
      1730    -0.00021349
      1731    -0.00021364
      1732    -0.00021380
      1733    -0.00021395
      1734    -0.00021411
      1735    -0.00021427
      1736    -0.00021443
      1737    -0.00021460
      1738    -0.00021477
      1739    -0.00021494
      1740    -0.00021511
      1741    -0.00021529
      1742    -0.00021546
      1743    -0.00021565
      1744    -0.00021583
      1745    -0.00021602
      1746    -0.00021620
      1747    -0.00021640
      1748    -0.00021659
      1749    -0.00021679
      1750    -0.00021698
      1751    -0.00021719
      1752    -0.00021739
      1753    -0.00021760
      1754    -0.00021781
      1755    -0.00021802
      1756    -0.00021823
      1757    -0.00021845
      1758    -0.00021867
      1759    -0.00021889
      1760    -0.00021911
      1761    -0.00021934
      1762    -0.00021956
      1763    -0.00021980
      1764    -0.00022003
      1765    -0.00022026
      1766    -0.00022050
      1767    -0.00022074
      1768    -0.00022098
      1769    -0.00022123
      1770    -0.00022148
      1771    -0.00022172
      1772    -0.00022198
      1773    -0.00022223
      1774    -0.00022249
      1775    -0.00022275
      1776    -0.00022301
      1777    -0.00022327
      1778    -0.00022353
      1779    -0.00022380
      1780    -0.00022407
      1781    -0.00022434
      1782    -0.00022462
      1783    -0.00022489
      1784    -0.00022517
      1785    -0.00022545
      1786    -0.00022573
      1787    -0.00022602
      1788    -0.00022630
      1789    -0.00022659
      1790    -0.00022688
      1791    -0.00022718
      1792    -0.00022747
      1793    -0.00022777
      1794    -0.00022807
      1795    -0.00022837
      1796    -0.00022867
      1797    -0.00022898
      1798    -0.00022929
      1799    -0.00022959
      1800    -0.00022991
      1801    -0.00023022
      1802    -0.00023053
      1803    -0.00023085
      1804    -0.00023117
      1805    -0.00023149
      1806    -0.00023181
      1807    -0.00023214
      1808    -0.00023247
      1809    -0.00023279
      1810    -0.00023312
      1811    -0.00023346
      1812    -0.00023379
      1813    -0.00023413
      1814    -0.00023447
      1815    -0.00023480
      1816    -0.00023515
      1817    -0.00023549
      1818    -0.00023583
      1819    -0.00023618
      1820    -0.00023653
      1821    -0.00023688
      1822    -0.00023723
      1823    -0.00023759
      1824    -0.00023794
      1825    -0.00023830
      1826    -0.00023866
      1827    -0.00023902
      1828    -0.00023938
      1829    -0.00023974
      1830    -0.00024011
      1831    -0.00024048
      1832    -0.00024085
      1833    -0.00024122
      1834    -0.00024159
      1835    -0.00024196
      1836    -0.00024234
      1837    -0.00024271
      1838    -0.00024309
      1839    -0.00024347
      1840    -0.00024385
      1841    -0.00024424
      1842    -0.00024462
      1843    -0.00024501
      1844    -0.00024539
      1845    -0.00024578
      1846    -0.00024617
      1847    -0.00024656
      1848    -0.00024696
      1849    -0.00024735
      1850    -0.00024775
      1851    -0.00024815
      1852    -0.00024854
      1853    -0.00024894
      1854    -0.00024935
      1855    -0.00024975
      1856    -0.00025015
      1857    -0.00025056
      1858    -0.00025097
      1859    -0.00025138
      1860    -0.00025179
      1861    -0.00025220
      1862    -0.00025261
      1863    -0.00025302
      1864    -0.00025344
      1865    -0.00025385
      1866    -0.00025427
      1867    -0.00025469
      1868    -0.00025511
      1869    -0.00025553
      1870    -0.00025595
      1871    -0.00025638
      1872    -0.00025680
      1873    -0.00025723
      1874    -0.00025765
      1875    -0.00025808
      1876    -0.00025851
      1877    -0.00025894
      1878    -0.00025937
      1879    -0.00025981
      1880    -0.00026024
      1881    -0.00026068
      1882    -0.00026111
      1883    -0.00026155
      1884    -0.00026199
      1885    -0.00026243
      1886    -0.00026287
      1887    -0.00026331
      1888    -0.00026375
      1889    -0.00026419
      1890    -0.00026464
      1891    -0.00026508
      1892    -0.00026553
      1893    -0.00026598
      1894    -0.00026642
      1895    -0.00026687
      1896    -0.00026732
      1897    -0.00026777
      1898    -0.00026823
      1899    -0.00026868
      1900    -0.00026913
      1901    -0.00026959
      1902    -0.00027004
      1903    -0.00027050
      1904    -0.00027096
      1905    -0.00027141
      1906    -0.00027187
      1907    -0.00027233
      1908    -0.00027279
      1909    -0.00027325
      1910    -0.00027372
      1911    -0.00027418
      1912    -0.00027464
      1913    -0.00027511
      1914    -0.00027557
      1915    -0.00027604
      1916    -0.00027650
      1917    -0.00027697
      1918    -0.00027744
      1919    -0.00027791
      1920    -0.00027838
      1921    -0.00027885
      1922    -0.00027932
      1923    -0.00027979
      1924    -0.00028026
      1925    -0.00028073
      1926    -0.00028121
      1927    -0.00028168
      1928    -0.00028216
      1929    -0.00028263
      1930    -0.00028311
      1931    -0.00028358
      1932    -0.00028406
      1933    -0.00028454
      1934    -0.00028501
      1935    -0.00028549
      1936    -0.00028597
      1937    -0.00028645
      1938    -0.00028693
      1939    -0.00028741
      1940    -0.00028789
      1941    -0.00028838
      1942    -0.00028886
      1943    -0.00028934
      1944    -0.00028982
      1945    -0.00029031
      1946    -0.00029079
      1947    -0.00029128
      1948    -0.00029176
      1949    -0.00029225
      1950    -0.00029273
      1951    -0.00029322
      1952    -0.00029370
      1953    -0.00029419
      1954    -0.00029468
      1955    -0.00029517
      1956    -0.00029565
      1957    -0.00029614
      1958    -0.00029663
      1959    -0.00029712
      1960    -0.00029761
      1961    -0.00029810
      1962    -0.00029859
      1963    -0.00029908
      1964    -0.00029957
      1965    -0.00030006
      1966    -0.00030055
      1967    -0.00030104
      1968    -0.00030153
      1969    -0.00030202
      1970    -0.00030252
      1971    -0.00030301
      1972    -0.00030350
      1973    -0.00030399
      1974    -0.00030448
      1975    -0.00030498
      1976    -0.00030547
      1977    -0.00030596
      1978    -0.00030646
      1979    -0.00030695
      1980    -0.00030744
      1981    -0.00030794
      1982    -0.00030843
      1983    -0.00030893
      1984    -0.00030942
      1985    -0.00030991
      1986    -0.00031041
      1987    -0.00031090
      1988    -0.00031140
      1989    -0.00031189
      1990    -0.00031239
      1991    -0.00031288
      1992    -0.00031338
      1993    -0.00031387
      1994    -0.00031437
      1995    -0.00031486
      1996    -0.00031535
      1997    -0.00031585
      1998    -0.00031634
      1999    -0.00031684
      2000    -0.00031733
      2001    -0.00031783
      2002    -0.00031832
      2003    -0.00031882
      2004    -0.00031931
      2005    -0.00031981
      2006    -0.00032030
      2007    -0.00032079
      2008    -0.00032129
      2009    -0.00032178
      2010    -0.00032228
      2011    -0.00032277
      2012    -0.00032326
      2013    -0.00032376
      2014    -0.00032425
      2015    -0.00032474
      2016    -0.00032524
      2017    -0.00032573
      2018    -0.00032622
      2019    -0.00032672
      2020    -0.00032721
      2021    -0.00032770
      2022    -0.00032819
      2023    -0.00032868
      2024    -0.00032918
      2025    -0.00032967
      2026    -0.00033016
      2027    -0.00033065
      2028    -0.00033114
      2029    -0.00033163
      2030    -0.00033212
      2031    -0.00033261
      2032    -0.00033310
      2033    -0.00033359
      2034    -0.00033408
      2035    -0.00033457
      2036    -0.00033505
      2037    -0.00033554
      2038    -0.00033603
      2039    -0.00033652
      2040    -0.00033700
      2041    -0.00033749
      2042    -0.00033798
      2043    -0.00033846
      2044    -0.00033895
      2045    -0.00033943
      2046    -0.00033992
      2047    -0.00034040
      2048    -0.00034089
      2049    -0.00034137
      2050    -0.00034185
      2051    -0.00034233
      2052    -0.00034282
      2053    -0.00034330
      2054    -0.00034378
      2055    -0.00034426
      2056    -0.00034474
      2057    -0.00034522
      2058    -0.00034570
      2059    -0.00034618
      2060    -0.00034666
      2061    -0.00034714
      2062    -0.00034761
      2063    -0.00034809
      2064    -0.00034857
      2065    -0.00034904
      2066    -0.00034952
      2067    -0.00034999
      2068    -0.00035047
      2069    -0.00035094
      2070    -0.00035141
      2071    -0.00035189
      2072    -0.00035236
      2073    -0.00035283
      2074    -0.00035330
      2075    -0.00035377
      2076    -0.00035424
      2077    -0.00035471
      2078    -0.00035518
      2079    -0.00035564
      2080    -0.00035611
      2081    -0.00035658
      2082    -0.00035704
      2083    -0.00035751
      2084    -0.00035797
      2085    -0.00035844
      2086    -0.00035890
      2087    -0.00035936
      2088    -0.00035982
      2089    -0.00036029
      2090    -0.00036075
      2091    -0.00036121
      2092    -0.00036166
      2093    -0.00036212
      2094    -0.00036258
      2095    -0.00036304
      2096    -0.00036349
      2097    -0.00036395
      2098    -0.00036440
      2099    -0.00036486
      2100    -0.00036531
      2101    -0.00036576
      2102    -0.00036621
      2103    -0.00036666
      2104    -0.00036711
      2105    -0.00036756
      2106    -0.00036801
      2107    -0.00036846
      2108    -0.00036890
      2109    -0.00036935
      2110    -0.00036979
      2111    -0.00037024
      2112    -0.00037068
      2113    -0.00037112
      2114    -0.00037156
      2115    -0.00037200
      2116    -0.00037244
      2117    -0.00037288
      2118    -0.00037332
      2119    -0.00037376
      2120    -0.00037419
      2121    -0.00037463
      2122    -0.00037506
      2123    -0.00037549
      2124    -0.00037593
      2125    -0.00037636
      2126    -0.00037679
      2127    -0.00037722
      2128    -0.00037765
      2129    -0.00037807
      2130    -0.00037850
      2131    -0.00037893
      2132    -0.00037935
      2133    -0.00037977
      2134    -0.00038020
      2135    -0.00038062
      2136    -0.00038104
      2137    -0.00038146
      2138    -0.00038188
      2139    -0.00038229
      2140    -0.00038271
      2141    -0.00038313
      2142    -0.00038354
      2143    -0.00038395
      2144    -0.00038437
      2145    -0.00038478
      2146    -0.00038519
      2147    -0.00038560
      2148    -0.00038600
      2149    -0.00038641
      2150    -0.00038682
      2151    -0.00038722
      2152    -0.00038762
      2153    -0.00038803
      2154    -0.00038843
      2155    -0.00038883
      2156    -0.00038923
      2157    -0.00038962
      2158    -0.00039002
      2159    -0.00039042
      2160    -0.00039081
      2161    -0.00039120
      2162    -0.00039160
      2163    -0.00039199
      2164    -0.00039238
      2165    -0.00039276
      2166    -0.00039315
      2167    -0.00039354
      2168    -0.00039392
      2169    -0.00039431
      2170    -0.00039469
      2171    -0.00039507
      2172    -0.00039545
      2173    -0.00039583
      2174    -0.00039620
      2175    -0.00039658
      2176    -0.00039695
      2177    -0.00039733
      2178    -0.00039770
      2179    -0.00039807
      2180    -0.00039844
      2181    -0.00039881
      2182    -0.00039918
      2183    -0.00039954
      2184    -0.00039991
      2185    -0.00040027
      2186    -0.00040063
      2187    -0.00040099
      2188    -0.00040135
      2189    -0.00040171
      2190    -0.00040207
      2191    -0.00040242
      2192    -0.00040277
      2193    -0.00040313
      2194    -0.00040348
      2195    -0.00040383
      2196    -0.00040417
      2197    -0.00040452
      2198    -0.00040487
      2199    -0.00040521
      2200    -0.00040555
      2201    -0.00040589
      2202    -0.00040623
      2203    -0.00040657
      2204    -0.00040691
      2205    -0.00040725
      2206    -0.00040758
      2207    -0.00040791
      2208    -0.00040824
      2209    -0.00040857
      2210    -0.00040890
      2211    -0.00040923
      2212    -0.00040955
      2213    -0.00040988
      2214    -0.00041020
      2215    -0.00041052
      2216    -0.00041084
      2217    -0.00041116
      2218    -0.00041147
      2219    -0.00041179
      2220    -0.00041210
      2221    -0.00041241
      2222    -0.00041272
      2223    -0.00041303
      2224    -0.00041334
      2225    -0.00041364
      2226    -0.00041395
      2227    -0.00041425
      2228    -0.00041455
      2229    -0.00041485
      2230    -0.00041515
      2231    -0.00041544
      2232    -0.00041574
      2233    -0.00041603
      2234    -0.00041632
      2235    -0.00041661
      2236    -0.00041690
      2237    -0.00041718
      2238    -0.00041747
      2239    -0.00041775
      2240    -0.00041803
      2241    -0.00041831
      2242    -0.00041859
      2243    -0.00041887
      2244    -0.00041914
      2245    -0.00041942
      2246    -0.00041969
      2247    -0.00041996
      2248    -0.00042022
      2249    -0.00042049
      2250    -0.00042076
      2251    -0.00042102
      2252    -0.00042128
      2253    -0.00042154
      2254    -0.00042180
      2255    -0.00042205
      2256    -0.00042231
      2257    -0.00042256
      2258    -0.00042281
      2259    -0.00042306
      2260    -0.00042331
      2261    -0.00042355
      2262    -0.00042380
      2263    -0.00042404
      2264    -0.00042428
      2265    -0.00042452
      2266    -0.00042475
      2267    -0.00042499
      2268    -0.00042522
      2269    -0.00042545
      2270    -0.00042568
      2271    -0.00042591
      2272    -0.00042614
      2273    -0.00042636
      2274    -0.00042658
      2275    -0.00042680
      2276    -0.00042702
      2277    -0.00042724
      2278    -0.00042745
      2279    -0.00042767
      2280    -0.00042788
      2281    -0.00042809
      2282    -0.00042829
      2283    -0.00042850
      2284    -0.00042870
      2285    -0.00042891
      2286    -0.00042910
      2287    -0.00042930
      2288    -0.00042950
      2289    -0.00042969
      2290    -0.00042988
      2291    -0.00043008
      2292    -0.00043026
      2293    -0.00043045
      2294    -0.00043063
      2295    -0.00043082
      2296    -0.00043100
      2297    -0.00043118
      2298    -0.00043135
      2299    -0.00043153
      2300    -0.00043170
      2301    -0.00043187
      2302    -0.00043204
      2303    -0.00043221
      2304    -0.00043237
      2305    -0.00043253
      2306    -0.00043269
      2307    -0.00043285
      2308    -0.00043301
      2309    -0.00043316
      2310    -0.00043332
      2311    -0.00043347
      2312    -0.00043362
      2313    -0.00043376
      2314    -0.00043391
      2315    -0.00043405
      2316    -0.00043419
      2317    -0.00043433
      2318    -0.00043446
      2319    -0.00043460
      2320    -0.00043473
      2321    -0.00043486
      2322    -0.00043499
      2323    -0.00043511
      2324    -0.00043524
      2325    -0.00043536
      2326    -0.00043548
      2327    -0.00043560
      2328    -0.00043571
      2329    -0.00043582
      2330    -0.00043594
      2331    -0.00043604
      2332    -0.00043615
      2333    -0.00043626
      2334    -0.00043636
      2335    -0.00043646
      2336    -0.00043656
      2337    -0.00043665
      2338    -0.00043675
      2339    -0.00043684
      2340    -0.00043693
      2341    -0.00043701
      2342    -0.00043710
      2343    -0.00043718
      2344    -0.00043726
      2345    -0.00043734
      2346    -0.00043742
      2347    -0.00043749
      2348    -0.00043756
      2349    -0.00043763
      2350    -0.00043770
      2351    -0.00043777
      2352    -0.00043783
      2353    -0.00043789
      2354    -0.00043795
      2355    -0.00043800
      2356    -0.00043806
      2357    -0.00043811
      2358    -0.00043816
      2359    -0.00043820
      2360    -0.00043825
      2361    -0.00043829
      2362    -0.00043833
      2363    -0.00043837
      2364    -0.00043841
      2365    -0.00043844
      2366    -0.00043847
      2367    -0.00043850
      2368    -0.00043853
      2369    -0.00043855
      2370    -0.00043857
      2371    -0.00043859
      2372    -0.00043861
      2373    -0.00043862
      2374    -0.00043863
      2375    -0.00043864
      2376    -0.00043865
      2377    -0.00043866
      2378    -0.00043866
      2379    -0.00043866
      2380    -0.00043866
      2381    -0.00043865
      2382    -0.00043865
      2383    -0.00043864
      2384    -0.00043863
      2385    -0.00043861
      2386    -0.00043860
      2387    -0.00043858
      2388    -0.00043856
      2389    -0.00043853
      2390    -0.00043851
      2391    -0.00043848
      2392    -0.00043845
      2393    -0.00043842
      2394    -0.00043838
      2395    -0.00043834
      2396    -0.00043830
      2397    -0.00043826
      2398    -0.00043821
      2399    -0.00043816
      2400    -0.00043811
      2401    -0.00043806
      2402    -0.00043801
      2403    -0.00043795
      2404    -0.00043789
      2405    -0.00043782
      2406    -0.00043776
      2407    -0.00043769
      2408    -0.00043762
      2409    -0.00043755
      2410    -0.00043747
      2411    -0.00043740
      2412    -0.00043731
      2413    -0.00043723
      2414    -0.00043715
      2415    -0.00043706
      2416    -0.00043697
      2417    -0.00043687
      2418    -0.00043678
      2419    -0.00043668
      2420    -0.00043658
      2421    -0.00043648
      2422    -0.00043637
      2423    -0.00043626
      2424    -0.00043615
      2425    -0.00043604
      2426    -0.00043592
      2427    -0.00043580
      2428    -0.00043568
      2429    -0.00043556
      2430    -0.00043543
      2431    -0.00043530
      2432    -0.00043517
      2433    -0.00043504
      2434    -0.00043490
      2435    -0.00043476
      2436    -0.00043462
      2437    -0.00043447
      2438    -0.00043432
      2439    -0.00043417
      2440    -0.00043402
      2441    -0.00043387
      2442    -0.00043371
      2443    -0.00043355
      2444    -0.00043338
      2445    -0.00043322
      2446    -0.00043305
      2447    -0.00043288
      2448    -0.00043270
      2449    -0.00043253
      2450    -0.00043235
      2451    -0.00043216
      2452    -0.00043198
      2453    -0.00043179
      2454    -0.00043160
      2455    -0.00043141
      2456    -0.00043121
      2457    -0.00043101
      2458    -0.00043081
      2459    -0.00043061
      2460    -0.00043040
      2461    -0.00043019
      2462    -0.00042998
      2463    -0.00042977
      2464    -0.00042955
      2465    -0.00042933
      2466    -0.00042910
      2467    -0.00042888
      2468    -0.00042865
      2469    -0.00042842
      2470    -0.00042819
      2471    -0.00042795
      2472    -0.00042771
      2473    -0.00042747
      2474    -0.00042722
      2475    -0.00042697
      2476    -0.00042672
      2477    -0.00042647
      2478    -0.00042621
      2479    -0.00042595
      2480    -0.00042569
      2481    -0.00042543
      2482    -0.00042516
      2483    -0.00042489
      2484    -0.00042462
      2485    -0.00042434
      2486    -0.00042406
      2487    -0.00042378
      2488    -0.00042350
      2489    -0.00042321
      2490    -0.00042292
      2491    -0.00042263
      2492    -0.00042233
      2493    -0.00042203
      2494    -0.00042173
      2495    -0.00042143
      2496    -0.00042112
      2497    -0.00042081
      2498    -0.00042050
      2499    -0.00042018
      2500    -0.00041986
      2501    -0.00041954
      2502    -0.00041922
      2503    -0.00041889
      2504    -0.00041856
      2505    -0.00041823
      2506    -0.00041789
      2507    -0.00041755
      2508    -0.00041721
      2509    -0.00041687
      2510    -0.00041652
      2511    -0.00041617
      2512    -0.00041582
      2513    -0.00041546
      2514    -0.00041510
      2515    -0.00041474
      2516    -0.00041437
      2517    -0.00041401
      2518    -0.00041364
      2519    -0.00041326
      2520    -0.00041289
      2521    -0.00041251
      2522    -0.00041212
      2523    -0.00041174
      2524    -0.00041135
      2525    -0.00041096
      2526    -0.00041057
      2527    -0.00041017
      2528    -0.00040977
      2529    -0.00040937
      2530    -0.00040896
      2531    -0.00040855
      2532    -0.00040814
      2533    -0.00040773
      2534    -0.00040731
      2535    -0.00040689
      2536    -0.00040646
      2537    -0.00040604
      2538    -0.00040561
      2539    -0.00040518
      2540    -0.00040474
      2541    -0.00040430
      2542    -0.00040386
      2543    -0.00040342
      2544    -0.00040297
      2545    -0.00040252
      2546    -0.00040206
      2547    -0.00040161
      2548    -0.00040115
      2549    -0.00040069
      2550    -0.00040022
      2551    -0.00039975
      2552    -0.00039928
      2553    -0.00039881
      2554    -0.00039833
      2555    -0.00039785
      2556    -0.00039737
      2557    -0.00039688
      2558    -0.00039639
      2559    -0.00039590
      2560    -0.00039540
      2561    -0.00039491
      2562    -0.00039440
      2563    -0.00039390
      2564    -0.00039339
      2565    -0.00039288
      2566    -0.00039237
      2567    -0.00039185
      2568    -0.00039133
      2569    -0.00039081
      2570    -0.00039029
      2571    -0.00038976
      2572    -0.00038923
      2573    -0.00038869
      2574    -0.00038815
      2575    -0.00038761
      2576    -0.00038707
      2577    -0.00038652
      2578    -0.00038597
      2579    -0.00038542
      2580    -0.00038486
      2581    -0.00038431
      2582    -0.00038374
      2583    -0.00038318
      2584    -0.00038261
      2585    -0.00038204
      2586    -0.00038147
      2587    -0.00038089
      2588    -0.00038031
      2589    -0.00037973
      2590    -0.00037914
      2591    -0.00037855
      2592    -0.00037796
      2593    -0.00037736
      2594    -0.00037676
      2595    -0.00037616
      2596    -0.00037556
      2597    -0.00037495
      2598    -0.00037434
      2599    -0.00037373
      2600    -0.00037311
      2601    -0.00037249
      2602    -0.00037187
      2603    -0.00037124
      2604    -0.00037061
      2605    -0.00036998
      2606    -0.00036934
      2607    -0.00036871
      2608    -0.00036807
      2609    -0.00036742
      2610    -0.00036677
      2611    -0.00036612
      2612    -0.00036547
      2613    -0.00036481
      2614    -0.00036415
      2615    -0.00036349
      2616    -0.00036283
      2617    -0.00036216
      2618    -0.00036149
      2619    -0.00036081
      2620    -0.00036013
      2621    -0.00035945
      2622    -0.00035877
      2623    -0.00035808
      2624    -0.00035739
      2625    -0.00035670
      2626    -0.00035600
      2627    -0.00035530
      2628    -0.00035460
      2629    -0.00035390
      2630    -0.00035319
      2631    -0.00035248
      2632    -0.00035176
      2633    -0.00035104
      2634    -0.00035032
      2635    -0.00034960
      2636    -0.00034887
      2637    -0.00034815
      2638    -0.00034741
      2639    -0.00034668
      2640    -0.00034594
      2641    -0.00034520
      2642    -0.00034445
      2643    -0.00034370
      2644    -0.00034295
      2645    -0.00034220
      2646    -0.00034144
      2647    -0.00034068
      2648    -0.00033992
      2649    -0.00033915
      2650    -0.00033839
      2651    -0.00033761
      2652    -0.00033684
      2653    -0.00033606
      2654    -0.00033528
      2655    -0.00033450
      2656    -0.00033371
      2657    -0.00033292
      2658    -0.00033213
      2659    -0.00033133
      2660    -0.00033053
      2661    -0.00032973
      2662    -0.00032892
      2663    -0.00032812
      2664    -0.00032731
      2665    -0.00032649
      2666    -0.00032567
      2667    -0.00032485
      2668    -0.00032403
      2669    -0.00032321
      2670    -0.00032238
      2671    -0.00032155
      2672    -0.00032071
      2673    -0.00031987
      2674    -0.00031903
      2675    -0.00031819
      2676    -0.00031734
      2677    -0.00031649
      2678    -0.00031564
      2679    -0.00031479
      2680    -0.00031393
      2681    -0.00031307
      2682    -0.00031220
      2683    -0.00031133
      2684    -0.00031046
      2685    -0.00030959
      2686    -0.00030872
      2687    -0.00030784
      2688    -0.00030696
      2689    -0.00030607
      2690    -0.00030518
      2691    -0.00030429
      2692    -0.00030340
      2693    -0.00030250
      2694    -0.00030160
      2695    -0.00030070
      2696    -0.00029980
      2697    -0.00029889
      2698    -0.00029798
      2699    -0.00029707
      2700    -0.00029615
      2701    -0.00029523
      2702    -0.00029431
      2703    -0.00029338
      2704    -0.00029246
      2705    -0.00029153
      2706    -0.00029059
      2707    -0.00028966
      2708    -0.00028872
      2709    -0.00028777
      2710    -0.00028683
      2711    -0.00028588
      2712    -0.00028493
      2713    -0.00028398
      2714    -0.00028302
      2715    -0.00028206
      2716    -0.00028110
      2717    -0.00028014
      2718    -0.00027917
      2719    -0.00027820
      2720    -0.00027723
      2721    -0.00027625
      2722    -0.00027528
      2723    -0.00027430
      2724    -0.00027331
      2725    -0.00027233
      2726    -0.00027134
      2727    -0.00027034
      2728    -0.00026935
      2729    -0.00026835
      2730    -0.00026735
      2731    -0.00026635
      2732    -0.00026535
      2733    -0.00026434
      2734    -0.00026333
      2735    -0.00026231
      2736    -0.00026130
      2737    -0.00026028
      2738    -0.00025926
      2739    -0.00025823
      2740    -0.00025721
      2741    -0.00025618
      2742    -0.00025515
      2743    -0.00025411
      2744    -0.00025308
      2745    -0.00025204
      2746    -0.00025099
      2747    -0.00024995
      2748    -0.00024890
      2749    -0.00024785
      2750    -0.00024680
      2751    -0.00024574
      2752    -0.00024469
      2753    -0.00024363
      2754    -0.00024256
      2755    -0.00024150
      2756    -0.00024043
      2757    -0.00023936
      2758    -0.00023829
      2759    -0.00023721
      2760    -0.00023614
      2761    -0.00023506
      2762    -0.00023397
      2763    -0.00023289
      2764    -0.00023180
      2765    -0.00023071
      2766    -0.00022962
      2767    -0.00022852
      2768    -0.00022743
      2769    -0.00022633
      2770    -0.00022522
      2771    -0.00022412
      2772    -0.00022301
      2773    -0.00022190
      2774    -0.00022079
      2775    -0.00021968
      2776    -0.00021856
      2777    -0.00021744
      2778    -0.00021632
      2779    -0.00021520
      2780    -0.00021407
      2781    -0.00021295
      2782    -0.00021182
      2783    -0.00021068
      2784    -0.00020955
      2785    -0.00020841
      2786    -0.00020727
      2787    -0.00020613
      2788    -0.00020499
      2789    -0.00020384
      2790    -0.00020269
      2791    -0.00020154
      2792    -0.00020039
      2793    -0.00019923
      2794    -0.00019808
      2795    -0.00019692
      2796    -0.00019576
      2797    -0.00019459
      2798    -0.00019343
      2799    -0.00019226
      2800    -0.00019109
      2801    -0.00018992
      2802    -0.00018874
      2803    -0.00018757
      2804    -0.00018639
      2805    -0.00018521
      2806    -0.00018403
      2807    -0.00018284
      2808    -0.00018166
      2809    -0.00018047
      2810    -0.00017928
      2811    -0.00017809
      2812    -0.00017689
      2813    -0.00017570
      2814    -0.00017450
      2815    -0.00017330
      2816    -0.00017210
      2817    -0.00017089
      2818    -0.00016969
      2819    -0.00016848
      2820    -0.00016727
      2821    -0.00016606
      2822    -0.00016484
      2823    -0.00016363
      2824    -0.00016241
      2825    -0.00016119
      2826    -0.00015997
      2827    -0.00015875
      2828    -0.00015752
      2829    -0.00015630
      2830    -0.00015507
      2831    -0.00015384
      2832    -0.00015261
      2833    -0.00015138
      2834    -0.00015014
      2835    -0.00014890
      2836    -0.00014767
      2837    -0.00014643
      2838    -0.00014518
      2839    -0.00014394
      2840    -0.00014270
      2841    -0.00014145
      2842    -0.00014020
      2843    -0.00013895
      2844    -0.00013770
      2845    -0.00013645
      2846    -0.00013519
      2847    -0.00013394
      2848    -0.00013268
      2849    -0.00013142
      2850    -0.00013016
      2851    -0.00012890
      2852    -0.00012763
      2853    -0.00012637
      2854    -0.00012510
      2855    -0.00012383
      2856    -0.00012256
      2857    -0.00012129
      2858    -0.00012002
      2859    -0.00011875
      2860    -0.00011747
      2861    -0.00011620
      2862    -0.00011492
      2863    -0.00011364
      2864    -0.00011236
      2865    -0.00011108
      2866    -0.00010979
      2867    -0.00010851
      2868    -0.00010722
      2869    -0.00010594
      2870    -0.00010465
      2871    -0.00010336
      2872    -0.00010207
      2873    -0.00010078
      2874    -0.00009949
      2875    -0.00009819
      2876    -0.00009690
      2877    -0.00009560
      2878    -0.00009430
      2879    -0.00009300
      2880    -0.00009171
      2881    -0.00009040
      2882    -0.00008910
      2883    -0.00008780
      2884    -0.00008650
      2885    -0.00008519
      2886    -0.00008389
      2887    -0.00008258
      2888    -0.00008127
      2889    -0.00007996
      2890    -0.00007865
