     6
              51079379
C    0.0168100    0.0709975   -0.3746206      -0.0000109   -0.0001651   -0.0016418
N   -0.0051337    0.0841167    1.6982910       0.0001139    0.0006948    0.0018524
H    0.8261136   -0.3395025   -0.8784918      -0.0010249    0.0002256   -0.0019024
H    0.7968556   -0.6302922    1.9329688      -0.0021837   -0.0034440   -0.0010091
H   -0.7926181   -0.5591311    1.6488186       0.0006512   -0.0040517   -0.0025597
H   -0.9591537   -0.4849989   -0.5674539       0.0011046   -0.0004188   -0.0007168
unit angstrom
states   4  0  3
dt    20.670687
step      25
savedir /projects/academic/cyberwksp21/Students/jstetzler/SHARC_examples/copy/Tutorial/traj/Singlet_2/TRAJ_00008/restart
SOC
DM
GRAD   1
OVERLAP
PHASES
 
 
