#    Averaged Non-Adiabatic Coupling Matrix Eliments: off-diagonal
       0     0.00000000     0.00000000     0.00000000
       1     0.00000973     0.00006457     0.00043188
       2     0.00001090     0.00008438     0.00046875
       3     0.00001299     0.00010045     0.00055157
       4     0.00001637     0.00012650     0.00065656
       5     0.00001917     0.00015391     0.00081395
       6     0.00002163     0.00017848     0.00114239
       7     0.00002364     0.00020046     0.00165627
       8     0.00002506     0.00021975     0.00253110
       9     0.00002559     0.00023477     0.00432686
      10     0.00002703     0.00023313     0.00967227
      11     0.00004905     0.00025679     0.02828854
      12     0.00002891     0.00025889     0.01882829
      13     0.00004469     0.00024531     0.05669341
      14     0.00003901     0.00026763     0.05233247
      15     0.00001837     0.00025200     0.02589196
      16     0.00002831     0.00026826     0.01940083
      17     0.00002773     0.00021336     0.01312500
      18     0.00003451     0.00020041     0.00653290
      19     0.00003039     0.00014241     0.00221231
      20     0.00002881     0.00013895     0.00174942
      21     0.00002738     0.00013523     0.00143597
      22     0.00002589     0.00012715     0.00120613
      23     0.00002454     0.00012502     0.00109804
      24     0.00002286     0.00012483     0.00106403
      25     0.00002023     0.00011243     0.00104484
      26     0.00001836     0.00010896     0.00104422
      27     0.00001993     0.00012600     0.00135102
      28     0.00002008     0.00011894     0.00119349
      29     0.00002019     0.00011241     0.00116059
      30     0.00002028     0.00010469     0.00122108
      31     0.00001979     0.00009854     0.00148597
      32     0.00001967     0.00009472     0.00201845
      33     0.00002061     0.00008809     0.00329689
      34     0.00002503     0.00008591     0.00616476
      35     0.00003024     0.00008270     0.00914369
      36     0.00003476     0.00007497     0.00617824
      37     0.00003457     0.00006731     0.00386303
      38     0.00003666     0.00005837     0.00374703
      39     0.00005197     0.00004644     0.02019837
      40     0.00005010     0.00004019     0.01005611
      41     0.00004834     0.00003788     0.00444325
      42     0.00004527     0.00003606     0.00455498
      43     0.00004412     0.00003482     0.00473346
      44     0.00004319     0.00003393     0.00468385
      45     0.00004103     0.00003641     0.00435727
      46     0.00003970     0.00003783     0.00402875
      47     0.00003782     0.00004079     0.00459481
      48     0.00003176     0.00004262     0.02308359
      49     0.00002851     0.00004794     0.02208702
      50     0.00002601     0.00004927     0.00285011
      51     0.00002356     0.00005156     0.00327812
      52     0.00002184     0.00005667     0.00415386
      53     0.00001957     0.00005296     0.00589384
      54     0.00001835     0.00005058     0.00884200
      55     0.00001592     0.00006559     0.00975174
      56     0.00001618     0.00007389     0.00792869
      57     0.00001443     0.00007635     0.00582407
      58     0.00001481     0.00007095     0.00472201
      59     0.00001503     0.00008856     0.00394209
      60     0.00001494     0.00009978     0.00326263
      61     0.00001503     0.00010526     0.00272631
      62     0.00001441     0.00010621     0.00229040
      63     0.00001463     0.00009918     0.00194325
      64     0.00001470     0.00011194     0.00174153
      65     0.00001654     0.00012022     0.00178571
      66     0.00001697     0.00012247     0.00222335
      67     0.00001874     0.00013825     0.00436099
      68     0.00002832     0.00013695     0.02311136
      69     0.00002902     0.00012440     0.02038643
      70     0.00002329     0.00012612     0.00388111
      71     0.00002399     0.00013889     0.00197354
      72     0.00002562     0.00013761     0.00164366
      73     0.00002778     0.00012778     0.00194588
      74     0.00002960     0.00013709     0.00326393
      75     0.00003411     0.00013138     0.00847877
      76     0.00004116     0.00012197     0.02106301
      77     0.00004050     0.00012437     0.01175144
      78     0.00004041     0.00011883     0.00388222
      79     0.00004240     0.00011787     0.00183219
      80     0.00004504     0.00011861     0.00108806
      81     0.00004802     0.00012621     0.00072975
      82     0.00005090     0.00012117     0.00052572
      83     0.00005363     0.00011899     0.00042832
      84     0.00005634     0.00011519     0.00036683
      85     0.00005945     0.00011928     0.00032856
      86     0.00006245     0.00010630     0.00029757
      87     0.00006481     0.00010266     0.00030343
      88     0.00006766     0.00008991     0.00031653
      89     0.00007043     0.00009415     0.00033562
      90     0.00007265     0.00008399     0.00035908
      91     0.00007389     0.00008136     0.00037775
      92     0.00007828     0.00009118     0.00041670
      93     0.00008083     0.00007581     0.00044771
      94     0.00008361     0.00007365     0.00047989
      95     0.00008580     0.00007690     0.00050458
      96     0.00008869     0.00007488     0.00053564
      97     0.00009126     0.00007080     0.00057508
      98     0.00009430     0.00007081     0.00061030
      99     0.00009736     0.00007281     0.00064261
     100     0.00010084     0.00008255     0.00067156
     101     0.00010386     0.00008319     0.00070404
     102     0.00010658     0.00008007     0.00072060
     103     0.00010951     0.00008540     0.00074241
     104     0.00011214     0.00008996     0.00075113
     105     0.00011482     0.00008756     0.00076539
     106     0.00011797     0.00008938     0.00077905
     107     0.00011977     0.00009021     0.00078540
     108     0.00012155     0.00010142     0.00078736
     109     0.00012469     0.00010037     0.00079466
     110     0.00012602     0.00010993     0.00079466
     111     0.00012792     0.00011291     0.00079522
     112     0.00012890     0.00012197     0.00079524
     113     0.00012997     0.00011982     0.00079811
     114     0.00013079     0.00012232     0.00080117
     115     0.00013167     0.00011972     0.00080789
     116     0.00013164     0.00012544     0.00081439
     117     0.00013085     0.00012266     0.00082842
     118     0.00013162     0.00012715     0.00083965
     119     0.00013166     0.00012570     0.00085685
     120     0.00013142     0.00013416     0.00087743