#    Averaged electronic coherence
       0     0.00000000     0.00000000     0.00000000
       1     0.00000000     0.00000008     0.00000750
       2     0.00000000     0.00000008     0.00005743
       3     0.00000000     0.00000018     0.00012116
       4     0.00000000     0.00000019     0.00016608
       5     0.00000000     0.00000032     0.00018616
       6     0.00000000     0.00000037     0.00021468
       7     0.00000000     0.00000048     0.00035095
       8     0.00000000     0.00000061     0.00087500
       9     0.00000000     0.00000064     0.00291950
      10     0.00000001     0.00000079     0.01482354
      11     0.00000003     0.00000069     0.02948203
      12     0.00000026     0.00000108     0.07019916
      13     0.00000016     0.00000044     0.16411946
      14     0.00000014     0.00000054     0.17760870
      15     0.00000039     0.00000082     0.18290144
      16     0.00000035     0.00000086     0.19623604
      17     0.00000026     0.00000060     0.19122184
      18     0.00000029     0.00000069     0.18430965
      19     0.00000028     0.00000059     0.17955268
      20     0.00000017     0.00000053     0.17603788
      21     0.00000026     0.00000076     0.17329887
      22     0.00000019     0.00000042     0.17147362
      23     0.00000019     0.00000054     0.17080894
      24     0.00000023     0.00000064     0.17133755
      25     0.00000018     0.00000028     0.17293193
      26     0.00000023     0.00000052     0.17531337
      27     0.00000023     0.00000047     0.17823904
      28     0.00000017     0.00000015     0.18128983
      29     0.00000027     0.00000042     0.18367861
      30     0.00000019     0.00000029     0.18365153
      31     0.00000020     0.00000012     0.18481849
      32     0.00000029     0.00000032     0.18491436
      33     0.00000020     0.00000022     0.18383030
      34     0.00000020     0.00000010     0.17950041
      35     0.00000031     0.00000023     0.16497970
      36     0.00000028     0.00000014     0.15302051
      37     0.00000021     0.00000011     0.15215197
      38     0.00000026     0.00000021     0.15472715
      39     0.00000024     0.00000025     0.13826094
      40     0.00000015     0.00000021     0.11794980
      41     0.00000015     0.00000033     0.13501883
      42     0.00000022     0.00000029     0.13834180
      43     0.00000021     0.00000018     0.13999757
      44     0.00000017     0.00000024     0.13897569
      45     0.00000022     0.00000027     0.13424264
      46     0.00000027     0.00000020     0.12728690
      47     0.00000020     0.00000018     0.12305079
      48     0.00000028     0.00000012     0.15203518
      49     0.00000042     0.00000008     0.11325574
      50     0.00000034     0.00000012     0.07695642
      51     0.00000036     0.00000008     0.07639474
      52     0.00000042     0.00000007     0.07686509
      53     0.00000032     0.00000008     0.07965095
      54     0.00000033     0.00000008     0.09277475
      55     0.00000045     0.00000007     0.10945937
      56     0.00000031     0.00000004     0.10295365
      57     0.00000029     0.00000003     0.08896518
      58     0.00000046     0.00000004     0.07915683
      59     0.00000042     0.00000004     0.07233750
      60     0.00000033     0.00000003     0.06662701
      61     0.00000042     0.00000003     0.06106056
      62     0.00000048     0.00000003     0.05536736
      63     0.00000044     0.00000002     0.04964265
      64     0.00000026     0.00000001     0.04293077
      65     0.00000025     0.00000001     0.03959764
      66     0.00000043     0.00000002     0.03691796
      67     0.00000030     0.00000001     0.03813516
      68     0.00000011     0.00000010     0.07857457
      69     0.00000028     0.00000059     0.04888832
      70     0.00000062     0.00000011     0.05725338
      71     0.00000036     0.00000003     0.03733235
      72     0.00000044     0.00000003     0.02812150
      73     0.00000045     0.00000002     0.02343238
      74     0.00000073     0.00000003     0.02467098
      75     0.00000053     0.00000003     0.04660302
      76     0.00000032     0.00000003     0.05574215
      77     0.00000064     0.00000014     0.06090158
      78     0.00000073     0.00000004     0.04273102
      79     0.00000069     0.00000002     0.02509043
      80     0.00000052     0.00000001     0.01838722
      81     0.00000052     0.00000001     0.01656429
      82     0.00000074     0.00000002     0.01651054
      83     0.00000085     0.00000002     0.01651668
      84     0.00000074     0.00000001     0.01587857
      85     0.00000056     0.00000001     0.01461451
      86     0.00000068     0.00000001     0.01310009
      87     0.00000108     0.00000002     0.01174322
      88     0.00000111     0.00000001     0.01076431
      89     0.00000074     0.00000001     0.01015206
      90     0.00000073     0.00000001     0.00975325
      91     0.00000116     0.00000001     0.00940379
      92     0.00000142     0.00000002     0.00901558
      93     0.00000117     0.00000001     0.00859358
      94     0.00000049     0.00000000     0.00630882
      95     0.00000066     0.00000001     0.00607044
      96     0.00000114     0.00000001     0.00583423
      97     0.00000129     0.00000001     0.00549584
      98     0.00000098     0.00000001     0.00500711
      99     0.00000032     0.00000000     0.00270501
     100     0.00000135     0.00000000     0.00258526
     101     0.00000322     0.00000000     0.00261886
     102     0.00000348     0.00000000     0.00271716
     103     0.00000169     0.00000000     0.00083299
     104     0.00000040     0.00000000     0.00090095
     105     0.00000140     0.00000000     0.00089316
     106     0.00000360     0.00000001     0.00092773
     107     0.00000441     0.00000002     0.00102996
     108     0.00000289     0.00000001     0.00108982
     109     0.00000090     0.00000000     0.00097718
     110     0.00000088     0.00000000     0.00069162
     111     0.00000304     0.00000000     0.00038361
     112     0.00000515     0.00000000     0.00022932
     113     0.00000497     0.00000000     0.00028438
     114     0.00000267     0.00000000     0.00045747
     115     0.00000085     0.00000000     0.00061463
     116     0.00000175     0.00000000     0.00069657
     117     0.00000449     0.00000001     0.00073798
     118     0.00000618     0.00000002     0.00079104
     119     0.00000523     0.00000001     0.00084394
     120     0.00000268     0.00000001     0.00083142