#    Averaged Non-Adiabatic Coupling Matrix Eliments: off-diagonal
       0     0.00000000     0.00000000     0.00000000
       1     0.00000973     0.00006457     0.00043188
       2     0.00001090     0.00008438     0.00046875
       3     0.00001299     0.00010045     0.00055157
       4     0.00001637     0.00012650     0.00065656
       5     0.00001917     0.00015391     0.00081395
       6     0.00002163     0.00017848     0.00114239
       7     0.00002364     0.00020046     0.00165627
       8     0.00002506     0.00021975     0.00253110
       9     0.00002559     0.00023477     0.00432686
      10     0.00002703     0.00023313     0.00967227
      11     0.00003656     0.00023439     0.02798834
      12     0.00003787     0.00025983     0.02867352
      13     0.00001958     0.00025896     0.03530545
      14     0.00003494     0.00027493     0.04468408
      15     0.00001551     0.00025566     0.02787315
      16     0.00002829     0.00024222     0.01488553
      17     0.00001806     0.00016850     0.01135592
      18     0.00001908     0.00016339     0.00875126
      19     0.00002020     0.00015517     0.00569892
      20     0.00002070     0.00015793     0.00375731
      21     0.00002055     0.00015281     0.00263433
      22     0.00001983     0.00015033     0.00195093
      23     0.00001931     0.00014898     0.00151373
      24     0.00001789     0.00014347     0.00121252
      25     0.00001914     0.00016327     0.00114769
      26     0.00001684     0.00014785     0.00085836
      27     0.00001537     0.00013187     0.00065068
      28     0.00001250     0.00013245     0.00050842
      29     0.00001159     0.00012512     0.00041265
      30     0.00001080     0.00011840     0.00044431
      31     0.00001010     0.00011417     0.00060139
      32     0.00000937     0.00010929     0.00082302
      33     0.00001008     0.00010457     0.00117207
      34     0.00000906     0.00010223     0.00170543
      35     0.00001114     0.00009334     0.00286051
      36     0.00001365     0.00008771     0.00620682
      37     0.00002591     0.00008584     0.01529892
      38     0.00004450     0.00006499     0.02581813
      39     0.00004732     0.00005734     0.00609448
      40     0.00005082     0.00005615     0.00600166
      41     0.00005625     0.00005503     0.00595748
      42     0.00006029     0.00005468     0.00609470
      43     0.00005930     0.00005514     0.00853202
      44     0.00006436     0.00005187     0.01297925
      45     0.00007121     0.00004586     0.00879525
      46     0.00007454     0.00004628     0.00491012
      47     0.00007689     0.00004470     0.00351633
      48     0.00007805     0.00005819     0.00297143
      49     0.00007966     0.00005215     0.00278249
      50     0.00008065     0.00005439     0.00289129
      51     0.00008146     0.00006340     0.00330052
      52     0.00008327     0.00006809     0.00406430
      53     0.00008328     0.00007556     0.00511341
      54     0.00008345     0.00007381     0.00616058
      55     0.00008368     0.00008032     0.00642618
      56     0.00008556     0.00008450     0.00557243
      57     0.00008778     0.00008834     0.00421119
      58     0.00008961     0.00010064     0.00303865
      59     0.00009138     0.00010942     0.00232966
      60     0.00009419     0.00010582     0.00188091
      61     0.00010275     0.00011307     0.00162888
      62     0.00010330     0.00012024     0.00146198
      63     0.00010604     0.00012504     0.00135334
      64     0.00010372     0.00012735     0.00130701
      65     0.00011396     0.00012861     0.00131702
      66     0.00011307     0.00013490     0.00133278
      67     0.00011908     0.00012530     0.00136767
      68     0.00011494     0.00013045     0.00141799
      69     0.00011916     0.00013502     0.00147311
      70     0.00011943     0.00013261     0.00151366
      71     0.00012224     0.00013824     0.00158126
      72     0.00012845     0.00013889     0.00163443
      73     0.00012133     0.00014672     0.00166160
      74     0.00013168     0.00013926     0.00169037
      75     0.00013272     0.00014022     0.00171206
      76     0.00012809     0.00014603     0.00168634
      77     0.00013274     0.00014435     0.00167552
      78     0.00013507     0.00014447     0.00165300
      79     0.00013150     0.00014845     0.00164278
      80     0.00013264     0.00014421     0.00159076
      81     0.00013585     0.00014202     0.00154842
      82     0.00013693     0.00014217     0.00148818
      83     0.00013905     0.00014220     0.00142269
      84     0.00013814     0.00014898     0.00136583
      85     0.00014065     0.00014289     0.00130557
      86     0.00014096     0.00014829     0.00126593
      87     0.00014272     0.00014879     0.00124249
      88     0.00014455     0.00014973     0.00120238
      89     0.00014527     0.00015010     0.00115608
      90     0.00014897     0.00015146     0.00114316
      91     0.00015060     0.00015390     0.00109901
      92     0.00015494     0.00015610     0.00109830
      93     0.00015861     0.00015563     0.00108985
      94     0.00016202     0.00015807     0.00105821
      95     0.00016824     0.00015852     0.00107562
      96     0.00017186     0.00016323     0.00104653
      97     0.00017870     0.00016622     0.00106197
      98     0.00018446     0.00016862     0.00107584
      99     0.00019083     0.00016717     0.00106369
     100     0.00019747     0.00017249     0.00105651
     101     0.00020327     0.00017317     0.00103587
     102     0.00021444     0.00017500     0.00104912
     103     0.00022161     0.00017677     0.00105922
     104     0.00022860     0.00017665     0.00104020
     105     0.00023712     0.00017661     0.00103119
     106     0.00024457     0.00017767     0.00101941
     107     0.00025236     0.00017627     0.00100189
     108     0.00026186     0.00017416     0.00097920
     109     0.00027098     0.00017108     0.00095696
     110     0.00027991     0.00017004     0.00092497
     111     0.00028876     0.00016965     0.00089094
     112     0.00029893     0.00016821     0.00085323
     113     0.00030915     0.00016763     0.00081263
     114     0.00032004     0.00016774     0.00077336
     115     0.00033130     0.00016865     0.00073186
     116     0.00034373     0.00016816     0.00071169
     117     0.00035241     0.00017247     0.00073258
     118     0.00037119     0.00017220     0.00071668
     119     0.00038683     0.00017615     0.00071525
     120     0.00040039     0.00017865     0.00070955