#    Averaged electronic coherence
       0     0.00000000     0.00000000     0.00000000
       1     0.00000000     0.00000008     0.00000750
       2     0.00000000     0.00000008     0.00005743
       3     0.00000000     0.00000018     0.00012116
       4     0.00000000     0.00000019     0.00016608
       5     0.00000000     0.00000032     0.00018616
       6     0.00000000     0.00000037     0.00021468
       7     0.00000000     0.00000048     0.00035095
       8     0.00000000     0.00000061     0.00087500
       9     0.00000000     0.00000064     0.00291950
      10     0.00000001     0.00000079     0.01482354
      11     0.00000004     0.00000054     0.05526280
      12     0.00000002     0.00000082     0.06615328
      13     0.00000010     0.00000066     0.10918922
      14     0.00000024     0.00000090     0.16453418
      15     0.00000011     0.00000035     0.16100069
      16     0.00000037     0.00000095     0.17051032
      17     0.00000015     0.00000052     0.17345819
      18     0.00000012     0.00000033     0.17041082
      19     0.00000022     0.00000084     0.16338201
      20     0.00000008     0.00000035     0.15355483
      21     0.00000016     0.00000070     0.14473134
      22     0.00000015     0.00000073     0.13916478
      23     0.00000006     0.00000039     0.13687185
      24     0.00000019     0.00000084     0.13692045
      25     0.00000011     0.00000055     0.13860753
      26     0.00000007     0.00000040     0.14077830
      27     0.00000016     0.00000069     0.14235920
      28     0.00000006     0.00000037     0.14329861
      29     0.00000008     0.00000037     0.14360824
      30     0.00000015     0.00000063     0.14329400
      31     0.00000006     0.00000036     0.14232510
      32     0.00000006     0.00000031     0.14064101
      33     0.00000014     0.00000056     0.13814403
      34     0.00000006     0.00000039     0.13475696
      35     0.00000003     0.00000026     0.13055118
      36     0.00000010     0.00000047     0.12890878
      37     0.00000011     0.00000041     0.14975876
      38     0.00000008     0.00000020     0.17931715
      39     0.00000011     0.00000031     0.16398216
      40     0.00000030     0.00000032     0.16663046
      41     0.00000024     0.00000017     0.17687912
      42     0.00000012     0.00000021     0.18802354
      43     0.00000033     0.00000026     0.19618675
      44     0.00000039     0.00000014     0.19184392
      45     0.00000028     0.00000011     0.17029966
      46     0.00000041     0.00000014     0.15732325
      47     0.00000051     0.00000013     0.14881070
      48     0.00000040     0.00000008     0.14170502
      49     0.00000039     0.00000016     0.13469934
      50     0.00000052     0.00000015     0.12754762
      51     0.00000051     0.00000013     0.12283983
      52     0.00000042     0.00000025     0.12739078
      53     0.00000050     0.00000013     0.14560261
      54     0.00000056     0.00000012     0.15953180
      55     0.00000055     0.00000012     0.14983998
      56     0.00000048     0.00000006     0.14844282
      57     0.00000064     0.00000013     0.16018761
      58     0.00000057     0.00000015     0.16190596
      59     0.00000053     0.00000013     0.15715999
      60     0.00000064     0.00000025     0.15523473
      61     0.00000060     0.00000010     0.15647455
      62     0.00000079     0.00000028     0.15763884
      63     0.00000083     0.00000023     0.15735262
      64     0.00000067     0.00000011     0.15606566
      65     0.00000083     0.00000026     0.15448393
      66     0.00000104     0.00000019     0.15331833
      67     0.00000103     0.00000030     0.15348826
      68     0.00000086     0.00000019     0.15553158
      69     0.00000109     0.00000029     0.15904565
      70     0.00000105     0.00000040     0.16298294
      71     0.00000086     0.00000020     0.16615422
      72     0.00000117     0.00000042     0.16781394
      73     0.00000094     0.00000034     0.16798323
      74     0.00000073     0.00000029     0.16715164
      75     0.00000108     0.00000020     0.16551354
      76     0.00000150     0.00000034     0.16267449
      77     0.00000118     0.00000019     0.15835638
      78     0.00000115     0.00000018     0.15354539
      79     0.00000158     0.00000025     0.15062792
      80     0.00000199     0.00000028     0.15173958
      81     0.00000196     0.00000033     0.15667345
      82     0.00000137     0.00000019     0.16297003
      83     0.00000143     0.00000024     0.16792331
      84     0.00000180     0.00000034     0.17019882
      85     0.00000151     0.00000033     0.16954461
      86     0.00000090     0.00000017     0.16626093
      87     0.00000074     0.00000012     0.16167740
      88     0.00000109     0.00000017     0.15809968
      89     0.00000157     0.00000032     0.15698061
      90     0.00000144     0.00000025     0.15776267
      91     0.00000150     0.00000022     0.15905316
      92     0.00000184     0.00000025     0.16002620
      93     0.00000199     0.00000028     0.16061708
      94     0.00000231     0.00000040     0.16141957
      95     0.00000263     0.00000050     0.16294896
      96     0.00000246     0.00000051     0.16468619
      97     0.00000176     0.00000033     0.16541675
      98     0.00000211     0.00000037     0.16477758
      99     0.00000325     0.00000065     0.16368193
     100     0.00000328     0.00000071     0.16365050
     101     0.00000267     0.00000051     0.16532128
     102     0.00000259     0.00000036     0.16747978
     103     0.00000292     0.00000046     0.16817465
     104     0.00000284     0.00000058     0.16644976
     105     0.00000263     0.00000060     0.16310587
     106     0.00000260     0.00000048     0.15978339
     107     0.00000318     0.00000045     0.15781263
     108     0.00000485     0.00000071     0.15752529
     109     0.00000595     0.00000097     0.15848788
     110     0.00000574     0.00000102     0.16010448
     111     0.00000567     0.00000103     0.16184267
     112     0.00000722     0.00000132     0.16330504
     113     0.00000894     0.00000158     0.16447192
     114     0.00000880     0.00000141     0.16537246
     115     0.00000810     0.00000125     0.16556128
     116     0.00000830     0.00000131     0.16445857
     117     0.00001022     0.00000166     0.16235291
     118     0.00001361     0.00000206     0.16061972
     119     0.00001737     0.00000244     0.16056870
     120     0.00002013     0.00000290     0.16200475