(1.0000000,0.0000000)  (0.0000000,0.0000000)  (0.0000000,0.0000000)  (0.0000000,0.0000000)  (0.0000000,0.0000000)  (0.0000000,0.0000000)  (0.0000000,0.0000000)  (0.0000000,0.0000000)  (0.0000000,0.0000000)  (0.0000000,0.0000000)  (0.0000000,0.0000000)  
(0.0000000,0.0000000)  (-0.96802947,0.0000000)  (0.0000000,0.0000000)  (0.10838428,0.0000000)  (0.0000000,0.0000000)  (0.0000000,0.0000000)  (0.0000000,0.0000000)  (0.19680166,0.0000000)  (0.0000000,0.0000000)  (0.0000000,0.0000000)  (0.0000000,0.0000000)  
(0.0000000,0.0000000)  (0.15986394,0.0000000)  (0.0000000,0.0000000)  (-0.27959355,0.0000000)  (-0.16590087,0.0000000)  (0.0000000,0.0000000)  (0.0000000,0.0000000)  (0.72181044,0.0000000)  (0.0000000,0.0000000)  (0.0000000,0.0000000)  (-0.40182393,0.0000000)  
(0.0000000,0.0000000)  (0.15102520,0.0000000)  (0.0000000,0.0000000)  (0.92560947,0.0000000)  (0.0000000,0.0000000)  (0.0000000,0.0000000)  (0.0000000,0.0000000)  (0.0000000,0.0000000)  (0.0000000,0.0000000)  (0.0000000,0.0000000)  (-0.20271158,0.0000000)  
(0.0000000,0.0000000)  (-0.12063932,0.0000000)  (0.0000000,0.0000000)  (0.0000000,0.0000000)  (0.0000000,0.0000000)  (-0.65542430,0.0000000)  (-0.21591158,0.0000000)  (-0.49719242,0.0000000)  (0.0000000,0.0000000)  (0.0000000,0.0000000)  (-0.34090917,0.0000000)  
(0.0000000,0.0000000)  (0.0000000,0.0000000)  (0.90475862,0.0000000)  (0.0000000,0.0000000)  (0.0000000,0.0000000)  (0.11418740,0.0000000)  (-0.30549749,0.0000000)  (0.0000000,0.0000000)  (0.15337430,0.0000000)  (0.0000000,0.0000000)  (0.0000000,0.0000000)  
(0.0000000,0.0000000)  (0.0000000,0.0000000)  (0.42592469,0.0000000)  (0.0000000,0.0000000)  (-0.10540643,0.0000000)  (-0.28651581,0.0000000)  (0.73415942,0.0000000)  (0.0000000,0.0000000)  (-0.23431218,0.0000000)  (0.0000000,0.0000000)  (0.0000000,0.0000000)  
(0.0000000,0.0000000)  (0.0000000,0.0000000)  (0.0000000,0.0000000)  (0.20533052,0.0000000)  (0.12920335,0.0000000)  (-0.66708883,0.0000000)  (-0.27495488,0.0000000)  (0.36959401,0.0000000)  (0.0000000,0.0000000)  (0.0000000,0.0000000)  (0.36390586,0.0000000)  
(0.0000000,0.0000000)  (0.0000000,0.0000000)  (0.0000000,0.0000000)  (-0.10567298,0.0000000)  (0.20767418,0.0000000)  (0.0000000,0.0000000)  (0.0000000,0.0000000)  (0.0000000,0.0000000)  (0.28347973,0.0000000)  (0.0000000,0.0000000)  (0.0000000,0.0000000)  
(0.0000000,0.0000000)  (0.0000000,0.0000000)  (0.0000000,0.0000000)  (0.0000000,0.0000000)  (-0.94320661,0.0000000)  (0.0000000,0.0000000)  (-0.12209586,0.0000000)  (0.0000000,0.0000000)  (0.14060723,0.0000000)  (0.0000000,0.0000000)  (0.12602123,0.0000000)  
(0.0000000,0.0000000)  (0.0000000,0.0000000)  (0.0000000,0.0000000)  (0.0000000,0.0000000)  (-0.10911280,0.0000000)  (0.12850175,0.0000000)  (-0.27816788,0.0000000)  (-0.10722707,0.0000000)  (-0.79058603,0.0000000)  (0.0000000,0.0000000)  (0.0000000,0.0000000)  
(0.0000000,0.0000000)  (0.0000000,0.0000000)  (0.0000000,0.0000000)  (0.0000000,0.0000000)  (0.0000000,0.0000000)  (0.11734009,0.0000000)  (0.0000000,0.0000000)  (-0.17333488,0.0000000)  (0.0000000,0.0000000)  (0.0000000,0.0000000)  (-0.35219834,0.0000000)  
(0.0000000,0.0000000)  (0.0000000,0.0000000)  (0.0000000,0.0000000)  (0.0000000,0.0000000)  (0.0000000,0.0000000)  (0.0000000,0.0000000)  (0.34942429,0.0000000)  (0.0000000,0.0000000)  (0.32844225,0.0000000)  (0.0000000,0.0000000)  (0.0000000,0.0000000)  
(0.0000000,0.0000000)  (0.0000000,0.0000000)  (0.0000000,0.0000000)  (0.0000000,0.0000000)  (0.0000000,0.0000000)  (0.0000000,0.0000000)  (-0.17629845,0.0000000)  (0.0000000,0.0000000)  (0.17689989,0.0000000)  (0.0000000,0.0000000)  (0.0000000,0.0000000)  
(0.0000000,0.0000000)  (0.0000000,0.0000000)  (0.0000000,0.0000000)  (0.0000000,0.0000000)  (0.0000000,0.0000000)  (0.0000000,0.0000000)  (0.0000000,0.0000000)  (-0.12213161,0.0000000)  (0.0000000,0.0000000)  (0.0000000,0.0000000)  (0.0000000,0.0000000)  
(0.0000000,0.0000000)  (0.0000000,0.0000000)  (0.0000000,0.0000000)  (0.0000000,0.0000000)  (0.0000000,0.0000000)  (0.0000000,0.0000000)  (0.0000000,0.0000000)  (0.0000000,0.0000000)  (-0.16863050,0.0000000)  (0.0000000,0.0000000)  (0.0000000,0.0000000)  
(0.0000000,0.0000000)  (0.0000000,0.0000000)  (0.0000000,0.0000000)  (0.0000000,0.0000000)  (0.0000000,0.0000000)  (0.0000000,0.0000000)  (0.0000000,0.0000000)  (0.0000000,0.0000000)  (0.13004895,0.0000000)  (0.0000000,0.0000000)  (0.0000000,0.0000000)  
(0.0000000,0.0000000)  (0.0000000,0.0000000)  (0.0000000,0.0000000)  (0.0000000,0.0000000)  (0.0000000,0.0000000)  (0.0000000,0.0000000)  (0.0000000,0.0000000)  (0.0000000,0.0000000)  (-0.10908643,0.0000000)  (0.0000000,0.0000000)  (0.11019207,0.0000000)  
(0.0000000,0.0000000)  (0.0000000,0.0000000)  (0.0000000,0.0000000)  (0.0000000,0.0000000)  (0.0000000,0.0000000)  (0.0000000,0.0000000)  (0.0000000,0.0000000)  (0.0000000,0.0000000)  (0.0000000,0.0000000)  (1.0000000,0.0000000)  (0.0000000,0.0000000)  
(0.0000000,0.0000000)  (0.0000000,0.0000000)  (0.0000000,0.0000000)  (0.0000000,0.0000000)  (0.0000000,0.0000000)  (0.0000000,0.0000000)  (0.0000000,0.0000000)  (0.0000000,0.0000000)  (0.0000000,0.0000000)  (0.0000000,0.0000000)  (-0.61780616,0.0000000)  
(0.0000000,0.0000000)  (0.0000000,0.0000000)  (0.0000000,0.0000000)  (0.0000000,0.0000000)  (0.0000000,0.0000000)  (0.0000000,0.0000000)  (0.0000000,0.0000000)  (0.0000000,0.0000000)  (0.0000000,0.0000000)  (0.0000000,0.0000000)  (-0.12266725,0.0000000)  
(0.0000000,0.0000000)  (0.0000000,0.0000000)  (0.0000000,0.0000000)  (0.0000000,0.0000000)  (0.0000000,0.0000000)  (0.0000000,0.0000000)  (0.0000000,0.0000000)  (0.0000000,0.0000000)  (0.0000000,0.0000000)  (0.0000000,0.0000000)  (0.0000000,0.0000000)  
(0.0000000,0.0000000)  (0.0000000,0.0000000)  (0.0000000,0.0000000)  (0.0000000,0.0000000)  (0.0000000,0.0000000)  (0.0000000,0.0000000)  (0.0000000,0.0000000)  (0.0000000,0.0000000)  (0.0000000,0.0000000)  (0.0000000,0.0000000)  (0.0000000,0.0000000)  
(0.0000000,0.0000000)  (0.0000000,0.0000000)  (0.0000000,0.0000000)  (0.0000000,0.0000000)  (0.0000000,0.0000000)  (0.0000000,0.0000000)  (0.0000000,0.0000000)  (0.0000000,0.0000000)  (0.0000000,0.0000000)  (0.0000000,0.0000000)  (0.0000000,0.0000000)  
