(1.0000000,0.0000000)  (0.0000000,0.0000000)  (0.0000000,0.0000000)  (0.0000000,0.0000000)  (0.0000000,0.0000000)  (0.0000000,0.0000000)  (0.0000000,0.0000000)  (0.0000000,0.0000000)  (0.0000000,0.0000000)  (0.0000000,0.0000000)  (0.0000000,0.0000000)  
(0.0000000,0.0000000)  (-0.96288757,0.0000000)  (0.0000000,0.0000000)  (0.10911216,0.0000000)  (0.0000000,0.0000000)  (0.0000000,0.0000000)  (0.0000000,0.0000000)  (0.20731011,0.0000000)  (0.0000000,0.0000000)  (0.0000000,0.0000000)  (0.0000000,0.0000000)  
(0.0000000,0.0000000)  (0.12871771,0.0000000)  (0.0000000,0.0000000)  (-0.28433838,0.0000000)  (-0.38127407,0.0000000)  (-0.22439127,0.0000000)  (0.0000000,0.0000000)  (0.71292258,0.0000000)  (-0.12488850,0.0000000)  (0.0000000,0.0000000)  (-0.25827532,0.0000000)  
(0.0000000,0.0000000)  (-0.17596420,0.0000000)  (0.0000000,0.0000000)  (-0.90224265,0.0000000)  (0.0000000,0.0000000)  (0.0000000,0.0000000)  (0.0000000,0.0000000)  (-0.17171877,0.0000000)  (0.0000000,0.0000000)  (0.0000000,0.0000000)  (0.20752067,0.0000000)  
(0.0000000,0.0000000)  (0.10924201,0.0000000)  (0.0000000,0.0000000)  (0.0000000,0.0000000)  (0.0000000,0.0000000)  (0.61515622,0.0000000)  (0.27640149,0.0000000)  (0.47867384,0.0000000)  (0.0000000,0.0000000)  (0.0000000,0.0000000)  (0.37619779,0.0000000)  
(0.0000000,0.0000000)  (0.0000000,0.0000000)  (0.91467893,0.0000000)  (0.0000000,0.0000000)  (0.0000000,0.0000000)  (0.0000000,0.0000000)  (-0.29178282,0.0000000)  (0.0000000,0.0000000)  (0.0000000,0.0000000)  (0.11779057,0.0000000)  (0.0000000,0.0000000)  
(0.0000000,0.0000000)  (0.0000000,0.0000000)  (-0.40418121,0.0000000)  (0.0000000,0.0000000)  (-0.19872944,0.0000000)  (0.24639717,0.0000000)  (-0.74361554,0.0000000)  (0.0000000,0.0000000)  (0.13893121,0.0000000)  (0.18565486,0.0000000)  (0.0000000,0.0000000)  
(0.0000000,0.0000000)  (0.0000000,0.0000000)  (0.0000000,0.0000000)  (0.19802866,0.0000000)  (0.26844866,0.0000000)  (-0.66416885,0.0000000)  (-0.22330961,0.0000000)  (0.30710879,0.0000000)  (0.0000000,0.0000000)  (0.11885170,0.0000000)  (0.36835225,0.0000000)  
(0.0000000,0.0000000)  (0.0000000,0.0000000)  (0.0000000,0.0000000)  (0.0000000,0.0000000)  (0.21947114,0.0000000)  (0.0000000,0.0000000)  (0.0000000,0.0000000)  (0.0000000,0.0000000)  (-0.16974340,0.0000000)  (-0.19719644,0.0000000)  (0.0000000,0.0000000)  
(0.0000000,0.0000000)  (0.11568087,0.0000000)  (0.0000000,0.0000000)  (-0.23235549,0.0000000)  (0.82432659,0.0000000)  (0.21296227,0.0000000)  (-0.12995105,0.0000000)  (0.25257722,0.0000000)  (0.0000000,0.0000000)  (0.0000000,0.0000000)  (-0.20863823,0.0000000)  
(0.0000000,0.0000000)  (0.0000000,0.0000000)  (0.0000000,0.0000000)  (0.0000000,0.0000000)  (0.0000000,0.0000000)  (0.0000000,0.0000000)  (0.29313316,0.0000000)  (0.0000000,0.0000000)  (0.49747347,0.0000000)  (0.59960095,0.0000000)  (-0.17685855,0.0000000)  
(0.0000000,0.0000000)  (0.0000000,0.0000000)  (0.0000000,0.0000000)  (0.0000000,0.0000000)  (0.0000000,0.0000000)  (0.0000000,0.0000000)  (0.0000000,0.0000000)  (0.13820986,0.0000000)  (0.0000000,0.0000000)  (0.0000000,0.0000000)  (0.35299602,0.0000000)  
(0.0000000,0.0000000)  (0.0000000,0.0000000)  (0.0000000,0.0000000)  (0.0000000,0.0000000)  (0.12405684,0.0000000)  (-0.15506977,0.0000000)  (0.31688292,0.0000000)  (0.0000000,0.0000000)  (0.22948554,0.0000000)  (0.23740080,0.0000000)  (0.0000000,0.0000000)  
(0.0000000,0.0000000)  (0.0000000,0.0000000)  (0.0000000,0.0000000)  (0.0000000,0.0000000)  (0.0000000,0.0000000)  (0.0000000,0.0000000)  (-0.18001290,0.0000000)  (0.0000000,0.0000000)  (0.10940124,0.0000000)  (0.15852141,0.0000000)  (0.0000000,0.0000000)  
(0.0000000,0.0000000)  (0.0000000,0.0000000)  (0.0000000,0.0000000)  (0.0000000,0.0000000)  (0.0000000,0.0000000)  (0.0000000,0.0000000)  (0.0000000,0.0000000)  (0.0000000,0.0000000)  (0.0000000,0.0000000)  (0.0000000,0.0000000)  (0.0000000,0.0000000)  
(0.0000000,0.0000000)  (0.0000000,0.0000000)  (0.0000000,0.0000000)  (0.0000000,0.0000000)  (0.0000000,0.0000000)  (0.0000000,0.0000000)  (0.0000000,0.0000000)  (0.0000000,0.0000000)  (-0.12124837,0.0000000)  (-0.14526648,0.0000000)  (0.0000000,0.0000000)  
(0.0000000,0.0000000)  (0.0000000,0.0000000)  (0.0000000,0.0000000)  (0.0000000,0.0000000)  (0.0000000,0.0000000)  (0.0000000,0.0000000)  (0.0000000,0.0000000)  (0.0000000,0.0000000)  (0.0000000,0.0000000)  (-0.10406437,0.0000000)  (0.0000000,0.0000000)  
(0.0000000,0.0000000)  (0.0000000,0.0000000)  (0.0000000,0.0000000)  (0.0000000,0.0000000)  (0.0000000,0.0000000)  (0.0000000,0.0000000)  (0.0000000,0.0000000)  (0.0000000,0.0000000)  (0.0000000,0.0000000)  (0.0000000,0.0000000)  (0.0000000,0.0000000)  
(0.0000000,0.0000000)  (0.0000000,0.0000000)  (0.0000000,0.0000000)  (0.0000000,0.0000000)  (0.0000000,0.0000000)  (0.0000000,0.0000000)  (0.0000000,0.0000000)  (0.0000000,0.0000000)  (0.78068873,0.0000000)  (-0.65246017,0.0000000)  (0.0000000,0.0000000)  
(0.0000000,0.0000000)  (0.0000000,0.0000000)  (0.0000000,0.0000000)  (0.0000000,0.0000000)  (0.0000000,0.0000000)  (0.0000000,0.0000000)  (0.0000000,0.0000000)  (0.11373172,0.0000000)  (0.0000000,0.0000000)  (0.0000000,0.0000000)  (-0.63081124,0.0000000)  
(0.0000000,0.0000000)  (0.0000000,0.0000000)  (0.0000000,0.0000000)  (0.0000000,0.0000000)  (0.0000000,0.0000000)  (0.0000000,0.0000000)  (0.0000000,0.0000000)  (0.0000000,0.0000000)  (0.0000000,0.0000000)  (0.0000000,0.0000000)  (0.12523183,0.0000000)  
(0.0000000,0.0000000)  (0.0000000,0.0000000)  (0.0000000,0.0000000)  (0.0000000,0.0000000)  (0.0000000,0.0000000)  (0.0000000,0.0000000)  (0.0000000,0.0000000)  (0.0000000,0.0000000)  (0.0000000,0.0000000)  (0.0000000,0.0000000)  (0.0000000,0.0000000)  
(0.0000000,0.0000000)  (0.0000000,0.0000000)  (0.0000000,0.0000000)  (0.0000000,0.0000000)  (0.0000000,0.0000000)  (0.0000000,0.0000000)  (0.0000000,0.0000000)  (0.0000000,0.0000000)  (0.0000000,0.0000000)  (0.0000000,0.0000000)  (0.0000000,0.0000000)  
(0.0000000,0.0000000)  (0.0000000,0.0000000)  (0.0000000,0.0000000)  (0.0000000,0.0000000)  (0.0000000,0.0000000)  (0.0000000,0.0000000)  (0.0000000,0.0000000)  (0.0000000,0.0000000)  (0.0000000,0.0000000)  (0.0000000,0.0000000)  (0.0000000,0.0000000)  
