(1.0000000,0.0000000)  (0.0000000,0.0000000)  (0.0000000,0.0000000)  (0.0000000,0.0000000)  (0.0000000,0.0000000)  (0.0000000,0.0000000)  (0.0000000,0.0000000)  (0.0000000,0.0000000)  (0.0000000,0.0000000)  (0.0000000,0.0000000)  (0.0000000,0.0000000)  
(0.0000000,0.0000000)  (-0.96108708,0.0000000)  (0.0000000,0.0000000)  (0.11108784,0.0000000)  (0.0000000,0.0000000)  (0.0000000,0.0000000)  (0.0000000,0.0000000)  (-0.21042654,0.0000000)  (0.0000000,0.0000000)  (0.0000000,0.0000000)  (0.0000000,0.0000000)  
(0.0000000,0.0000000)  (0.10987502,0.0000000)  (0.0000000,0.0000000)  (-0.26895544,0.0000000)  (0.38707791,0.0000000)  (-0.36454991,0.0000000)  (0.0000000,0.0000000)  (-0.69127774,0.0000000)  (0.0000000,0.0000000)  (0.13381239,0.0000000)  (-0.19736242,0.0000000)  
(0.0000000,0.0000000)  (-0.19273557,0.0000000)  (0.0000000,0.0000000)  (-0.87716964,0.0000000)  (0.0000000,0.0000000)  (-0.11659035,0.0000000)  (0.0000000,0.0000000)  (0.21049197,0.0000000)  (0.0000000,0.0000000)  (0.0000000,0.0000000)  (0.21614466,0.0000000)  
(0.0000000,0.0000000)  (-0.10354824,0.0000000)  (0.0000000,0.0000000)  (0.0000000,0.0000000)  (-0.17240847,0.0000000)  (-0.54503234,0.0000000)  (-0.34168272,0.0000000)  (0.47295185,0.0000000)  (0.0000000,0.0000000)  (0.11232749,0.0000000)  (-0.39175500,0.0000000)  
(0.0000000,0.0000000)  (0.0000000,0.0000000)  (-0.91753770,0.0000000)  (0.0000000,0.0000000)  (0.0000000,0.0000000)  (-0.10884181,0.0000000)  (0.27264901,0.0000000)  (0.0000000,0.0000000)  (0.0000000,0.0000000)  (0.14535018,0.0000000)  (0.0000000,0.0000000)  
(0.0000000,0.0000000)  (0.0000000,0.0000000)  (-0.39764880,0.0000000)  (0.0000000,0.0000000)  (0.30745743,0.0000000)  (0.27919451,0.0000000)  (-0.69683400,0.0000000)  (0.0000000,0.0000000)  (0.0000000,0.0000000)  (-0.22775143,0.0000000)  (0.0000000,0.0000000)  
(0.0000000,0.0000000)  (0.0000000,0.0000000)  (0.0000000,0.0000000)  (0.20251071,0.0000000)  (-0.40776299,0.0000000)  (-0.54783386,0.0000000)  (-0.32524941,0.0000000)  (-0.27828767,0.0000000)  (0.0000000,0.0000000)  (-0.16119662,0.0000000)  (0.36707007,0.0000000)  
(0.0000000,0.0000000)  (0.0000000,0.0000000)  (0.0000000,0.0000000)  (0.0000000,0.0000000)  (-0.20327636,0.0000000)  (0.0000000,0.0000000)  (0.0000000,0.0000000)  (0.0000000,0.0000000)  (0.0000000,0.0000000)  (0.24579413,0.0000000)  (0.0000000,0.0000000)  
(0.0000000,0.0000000)  (0.12794476,0.0000000)  (0.0000000,0.0000000)  (-0.32385999,0.0000000)  (-0.69853065,0.0000000)  (0.36635977,0.0000000)  (-0.13381131,0.0000000)  (-0.31654751,0.0000000)  (0.0000000,0.0000000)  (0.0000000,0.0000000)  (-0.21561169,0.0000000)  
(0.0000000,0.0000000)  (0.0000000,0.0000000)  (0.0000000,0.0000000)  (0.0000000,0.0000000)  (0.0000000,0.0000000)  (0.10574647,0.0000000)  (-0.28267088,0.0000000)  (0.0000000,0.0000000)  (0.0000000,0.0000000)  (0.76872642,0.0000000)  (0.20985379,0.0000000)  
(0.0000000,0.0000000)  (0.0000000,0.0000000)  (0.0000000,0.0000000)  (0.0000000,0.0000000)  (0.0000000,0.0000000)  (0.0000000,0.0000000)  (0.0000000,0.0000000)  (-0.12418377,0.0000000)  (0.0000000,0.0000000)  (0.0000000,0.0000000)  (0.34774356,0.0000000)  
(0.0000000,0.0000000)  (0.0000000,0.0000000)  (0.0000000,0.0000000)  (0.0000000,0.0000000)  (0.17429554,0.0000000)  (0.14536148,0.0000000)  (-0.29897753,0.0000000)  (0.0000000,0.0000000)  (0.0000000,0.0000000)  (0.32483398,0.0000000)  (0.0000000,0.0000000)  
(0.0000000,0.0000000)  (0.0000000,0.0000000)  (0.0000000,0.0000000)  (0.0000000,0.0000000)  (0.0000000,0.0000000)  (0.0000000,0.0000000)  (0.17422626,0.0000000)  (0.0000000,0.0000000)  (0.0000000,0.0000000)  (0.20163361,0.0000000)  (0.0000000,0.0000000)  
(0.0000000,0.0000000)  (0.0000000,0.0000000)  (0.0000000,0.0000000)  (0.0000000,0.0000000)  (0.0000000,0.0000000)  (0.0000000,0.0000000)  (0.0000000,0.0000000)  (0.0000000,0.0000000)  (0.0000000,0.0000000)  (0.0000000,0.0000000)  (0.0000000,0.0000000)  
(0.0000000,0.0000000)  (0.0000000,0.0000000)  (0.0000000,0.0000000)  (0.0000000,0.0000000)  (0.0000000,0.0000000)  (0.0000000,0.0000000)  (0.0000000,0.0000000)  (0.0000000,0.0000000)  (0.0000000,0.0000000)  (-0.19087224,0.0000000)  (0.0000000,0.0000000)  
(0.0000000,0.0000000)  (0.0000000,0.0000000)  (0.0000000,0.0000000)  (0.0000000,0.0000000)  (0.0000000,0.0000000)  (0.0000000,0.0000000)  (0.0000000,0.0000000)  (0.0000000,0.0000000)  (0.0000000,0.0000000)  (0.15009869,0.0000000)  (0.0000000,0.0000000)  
(0.0000000,0.0000000)  (0.0000000,0.0000000)  (0.0000000,0.0000000)  (0.0000000,0.0000000)  (0.0000000,0.0000000)  (0.0000000,0.0000000)  (0.0000000,0.0000000)  (0.0000000,0.0000000)  (0.0000000,0.0000000)  (-0.11834240,0.0000000)  (0.0000000,0.0000000)  
(0.0000000,0.0000000)  (0.0000000,0.0000000)  (0.0000000,0.0000000)  (0.0000000,0.0000000)  (0.0000000,0.0000000)  (0.0000000,0.0000000)  (0.0000000,0.0000000)  (0.0000000,0.0000000)  (-1.0000000,0.0000000)  (0.0000000,0.0000000)  (0.0000000,0.0000000)  
(0.0000000,0.0000000)  (0.0000000,0.0000000)  (0.0000000,0.0000000)  (0.0000000,0.0000000)  (0.0000000,0.0000000)  (0.0000000,0.0000000)  (0.0000000,0.0000000)  (-0.12960510,0.0000000)  (0.0000000,0.0000000)  (0.0000000,0.0000000)  (-0.63144575,0.0000000)  
(0.0000000,0.0000000)  (0.0000000,0.0000000)  (0.0000000,0.0000000)  (0.0000000,0.0000000)  (0.0000000,0.0000000)  (0.0000000,0.0000000)  (0.0000000,0.0000000)  (0.0000000,0.0000000)  (0.0000000,0.0000000)  (0.0000000,0.0000000)  (0.12625691,0.0000000)  
(0.0000000,0.0000000)  (0.0000000,0.0000000)  (0.0000000,0.0000000)  (0.0000000,0.0000000)  (0.0000000,0.0000000)  (0.0000000,0.0000000)  (0.0000000,0.0000000)  (0.0000000,0.0000000)  (0.0000000,0.0000000)  (0.0000000,0.0000000)  (0.0000000,0.0000000)  
(0.0000000,0.0000000)  (0.0000000,0.0000000)  (0.0000000,0.0000000)  (0.0000000,0.0000000)  (0.0000000,0.0000000)  (0.0000000,0.0000000)  (0.0000000,0.0000000)  (0.0000000,0.0000000)  (0.0000000,0.0000000)  (0.0000000,0.0000000)  (0.0000000,0.0000000)  
(0.0000000,0.0000000)  (0.0000000,0.0000000)  (0.0000000,0.0000000)  (0.0000000,0.0000000)  (0.0000000,0.0000000)  (0.0000000,0.0000000)  (0.0000000,0.0000000)  (0.0000000,0.0000000)  (0.0000000,0.0000000)  (0.0000000,0.0000000)  (0.0000000,0.0000000)  
