(1.0000000,0.0000000)  (0.0000000,0.0000000)  (0.0000000,0.0000000)  (0.0000000,0.0000000)  (0.0000000,0.0000000)  (0.0000000,0.0000000)  (0.0000000,0.0000000)  (0.0000000,0.0000000)  (0.0000000,0.0000000)  (0.0000000,0.0000000)  (0.0000000,0.0000000)  
(0.0000000,0.0000000)  (0.96828798,0.0000000)  (0.0000000,0.0000000)  (-0.11418609,0.0000000)  (0.0000000,0.0000000)  (0.0000000,0.0000000)  (0.0000000,0.0000000)  (-0.21242201,0.0000000)  (0.0000000,0.0000000)  (0.0000000,0.0000000)  (0.0000000,0.0000000)  
(0.0000000,0.0000000)  (0.0000000,0.0000000)  (0.0000000,0.0000000)  (-0.25840524,0.0000000)  (-0.34569821,0.0000000)  (0.45986328,0.0000000)  (0.0000000,0.0000000)  (0.68023022,0.0000000)  (0.0000000,0.0000000)  (0.13914447,0.0000000)  (0.15982609,0.0000000)  
(0.0000000,0.0000000)  (-0.21338016,0.0000000)  (0.0000000,0.0000000)  (-0.84509651,0.0000000)  (0.0000000,0.0000000)  (0.16121348,0.0000000)  (0.0000000,0.0000000)  (-0.24884082,0.0000000)  (0.0000000,0.0000000)  (0.0000000,0.0000000)  (-0.22863730,0.0000000)  
(0.0000000,0.0000000)  (0.0000000,0.0000000)  (0.0000000,0.0000000)  (0.0000000,0.0000000)  (0.24385597,0.0000000)  (0.49525074,0.0000000)  (0.35013542,0.0000000)  (-0.46999969,0.0000000)  (0.0000000,0.0000000)  (0.11248652,0.0000000)  (0.41006614,0.0000000)  
(0.0000000,0.0000000)  (0.0000000,0.0000000)  (-0.91939074,0.0000000)  (0.0000000,0.0000000)  (0.0000000,0.0000000)  (0.10171368,0.0000000)  (-0.26400517,0.0000000)  (0.0000000,0.0000000)  (0.0000000,0.0000000)  (0.14329899,0.0000000)  (0.0000000,0.0000000)  
(0.0000000,0.0000000)  (0.0000000,0.0000000)  (0.39334548,0.0000000)  (0.0000000,0.0000000)  (0.38454542,0.0000000)  (0.24730695,0.0000000)  (-0.67421241,0.0000000)  (0.0000000,0.0000000)  (0.0000000,0.0000000)  (0.22308916,0.0000000)  (0.0000000,0.0000000)  
(0.0000000,0.0000000)  (0.0000000,0.0000000)  (0.0000000,0.0000000)  (-0.21092483,0.0000000)  (-0.48739907,0.0000000)  (-0.45520840,0.0000000)  (-0.37258899,0.0000000)  (-0.24952566,0.0000000)  (0.0000000,0.0000000)  (0.16363178,0.0000000)  (0.36922213,0.0000000)  
(0.0000000,0.0000000)  (0.0000000,0.0000000)  (0.0000000,0.0000000)  (0.0000000,0.0000000)  (0.17948639,0.0000000)  (-0.12806459,0.0000000)  (0.0000000,0.0000000)  (0.0000000,0.0000000)  (0.0000000,0.0000000)  (0.23864592,0.0000000)  (0.0000000,0.0000000)  
(0.0000000,0.0000000)  (0.12995113,0.0000000)  (0.0000000,0.0000000)  (-0.40188416,0.0000000)  (0.60211789,0.0000000)  (-0.44015088,0.0000000)  (0.14301351,0.0000000)  (0.33763828,0.0000000)  (0.0000000,0.0000000)  (0.0000000,0.0000000)  (0.20126176,0.0000000)  
(0.0000000,0.0000000)  (0.0000000,0.0000000)  (0.0000000,0.0000000)  (0.0000000,0.0000000)  (0.0000000,0.0000000)  (0.12487230,0.0000000)  (-0.27607175,0.0000000)  (0.0000000,0.0000000)  (0.0000000,0.0000000)  (-0.76889649,0.0000000)  (0.21716568,0.0000000)  
(0.0000000,0.0000000)  (0.0000000,0.0000000)  (0.0000000,0.0000000)  (0.0000000,0.0000000)  (0.0000000,0.0000000)  (0.0000000,0.0000000)  (0.0000000,0.0000000)  (0.11296288,0.0000000)  (0.0000000,0.0000000)  (0.0000000,0.0000000)  (-0.33978297,0.0000000)  
(0.0000000,0.0000000)  (0.0000000,0.0000000)  (0.0000000,0.0000000)  (0.0000000,0.0000000)  (-0.20207093,0.0000000)  (-0.11320412,0.0000000)  (0.29568213,0.0000000)  (0.0000000,0.0000000)  (0.0000000,0.0000000)  (0.32318761,0.0000000)  (0.0000000,0.0000000)  
(0.0000000,0.0000000)  (0.0000000,0.0000000)  (0.0000000,0.0000000)  (0.0000000,0.0000000)  (0.0000000,0.0000000)  (0.0000000,0.0000000)  (-0.17385375,0.0000000)  (0.0000000,0.0000000)  (0.0000000,0.0000000)  (0.21186449,0.0000000)  (0.0000000,0.0000000)  
(0.0000000,0.0000000)  (0.0000000,0.0000000)  (0.0000000,0.0000000)  (0.0000000,0.0000000)  (0.0000000,0.0000000)  (0.0000000,0.0000000)  (0.0000000,0.0000000)  (0.0000000,0.0000000)  (0.0000000,0.0000000)  (0.0000000,0.0000000)  (0.0000000,0.0000000)  
(0.0000000,0.0000000)  (0.0000000,0.0000000)  (0.0000000,0.0000000)  (0.0000000,0.0000000)  (0.0000000,0.0000000)  (0.0000000,0.0000000)  (0.0000000,0.0000000)  (0.0000000,0.0000000)  (0.0000000,0.0000000)  (-0.18888652,0.0000000)  (0.0000000,0.0000000)  
(0.0000000,0.0000000)  (0.0000000,0.0000000)  (0.0000000,0.0000000)  (0.0000000,0.0000000)  (0.0000000,0.0000000)  (0.0000000,0.0000000)  (0.0000000,0.0000000)  (0.0000000,0.0000000)  (0.0000000,0.0000000)  (-0.15916395,0.0000000)  (0.0000000,0.0000000)  
(0.0000000,0.0000000)  (0.0000000,0.0000000)  (0.0000000,0.0000000)  (0.0000000,0.0000000)  (0.0000000,0.0000000)  (0.0000000,0.0000000)  (0.0000000,0.0000000)  (0.0000000,0.0000000)  (0.0000000,0.0000000)  (-0.11137823,0.0000000)  (0.0000000,0.0000000)  
(0.0000000,0.0000000)  (0.0000000,0.0000000)  (0.0000000,0.0000000)  (0.0000000,0.0000000)  (0.0000000,0.0000000)  (0.0000000,0.0000000)  (0.0000000,0.0000000)  (0.0000000,0.0000000)  (1.0000000,0.0000000)  (0.0000000,0.0000000)  (0.0000000,0.0000000)  
(0.0000000,0.0000000)  (0.0000000,0.0000000)  (0.0000000,0.0000000)  (0.0000000,0.0000000)  (0.0000000,0.0000000)  (0.0000000,0.0000000)  (0.0000000,0.0000000)  (-0.14254473,0.0000000)  (0.0000000,0.0000000)  (0.0000000,0.0000000)  (-0.63109405,0.0000000)  
(0.0000000,0.0000000)  (0.0000000,0.0000000)  (0.0000000,0.0000000)  (0.0000000,0.0000000)  (0.0000000,0.0000000)  (0.0000000,0.0000000)  (0.0000000,0.0000000)  (0.0000000,0.0000000)  (0.0000000,0.0000000)  (0.0000000,0.0000000)  (-0.12767926,0.0000000)  
(0.0000000,0.0000000)  (0.0000000,0.0000000)  (0.0000000,0.0000000)  (0.0000000,0.0000000)  (0.0000000,0.0000000)  (0.0000000,0.0000000)  (0.0000000,0.0000000)  (0.0000000,0.0000000)  (0.0000000,0.0000000)  (0.0000000,0.0000000)  (0.0000000,0.0000000)  
(0.0000000,0.0000000)  (0.0000000,0.0000000)  (0.0000000,0.0000000)  (0.0000000,0.0000000)  (0.0000000,0.0000000)  (0.0000000,0.0000000)  (0.0000000,0.0000000)  (0.0000000,0.0000000)  (0.0000000,0.0000000)  (0.0000000,0.0000000)  (0.0000000,0.0000000)  
(0.0000000,0.0000000)  (0.0000000,0.0000000)  (0.0000000,0.0000000)  (0.0000000,0.0000000)  (0.0000000,0.0000000)  (0.0000000,0.0000000)  (0.0000000,0.0000000)  (0.0000000,0.0000000)  (0.0000000,0.0000000)  (0.0000000,0.0000000)  (0.0000000,0.0000000)  
