(1.0000000,0.0000000)  (0.0000000,0.0000000)  (0.0000000,0.0000000)  (0.0000000,0.0000000)  (0.0000000,0.0000000)  (0.0000000,0.0000000)  (0.0000000,0.0000000)  (0.0000000,0.0000000)  (0.0000000,0.0000000)  (0.0000000,0.0000000)  (0.0000000,0.0000000)  
(0.0000000,0.0000000)  (0.96517352,0.0000000)  (0.0000000,0.0000000)  (0.11785640,0.0000000)  (0.0000000,0.0000000)  (0.0000000,0.0000000)  (0.0000000,0.0000000)  (0.21446480,0.0000000)  (0.0000000,0.0000000)  (0.0000000,0.0000000)  (0.0000000,0.0000000)  
(0.0000000,0.0000000)  (0.0000000,0.0000000)  (0.0000000,0.0000000)  (0.25903529,0.0000000)  (-0.36181565,0.0000000)  (-0.46422070,0.0000000)  (0.0000000,0.0000000)  (-0.67964489,0.0000000)  (0.0000000,0.0000000)  (-0.13366433,0.0000000)  (-0.14215069,0.0000000)  
(0.0000000,0.0000000)  (-0.23114050,0.0000000)  (0.0000000,0.0000000)  (0.80961693,0.0000000)  (-0.12695634,0.0000000)  (-0.18813724,0.0000000)  (0.0000000,0.0000000)  (0.28390899,0.0000000)  (0.0000000,0.0000000)  (0.0000000,0.0000000)  (0.24068352,0.0000000)  
(0.0000000,0.0000000)  (0.0000000,0.0000000)  (0.0000000,0.0000000)  (0.0000000,0.0000000)  (0.22009566,0.0000000)  (-0.49959758,0.0000000)  (0.33246978,0.0000000)  (0.46995180,0.0000000)  (0.0000000,0.0000000)  (0.0000000,0.0000000)  (-0.43086696,0.0000000)  
(0.0000000,0.0000000)  (0.0000000,0.0000000)  (0.92007760,0.0000000)  (0.0000000,0.0000000)  (0.0000000,0.0000000)  (-0.10456299,0.0000000)  (-0.26267949,0.0000000)  (0.0000000,0.0000000)  (0.0000000,0.0000000)  (-0.14255761,0.0000000)  (0.0000000,0.0000000)  
(0.0000000,0.0000000)  (0.0000000,0.0000000)  (-0.39173615,0.0000000)  (0.0000000,0.0000000)  (0.38420636,0.0000000)  (-0.25807976,0.0000000)  (-0.67140056,0.0000000)  (0.0000000,0.0000000)  (0.0000000,0.0000000)  (-0.22066115,0.0000000)  (0.0000000,0.0000000)  
(0.0000000,0.0000000)  (0.0000000,0.0000000)  (0.0000000,0.0000000)  (-0.22009040,0.0000000)  (0.46867225,0.0000000)  (-0.47116551,0.0000000)  (0.39012785,0.0000000)  (-0.22031312,0.0000000)  (0.0000000,0.0000000)  (0.14993212,0.0000000)  (0.37435059,0.0000000)  
(0.0000000,0.0000000)  (0.0000000,0.0000000)  (0.0000000,0.0000000)  (0.0000000,0.0000000)  (-0.17638513,0.0000000)  (-0.12020201,0.0000000)  (0.0000000,0.0000000)  (0.0000000,0.0000000)  (0.0000000,0.0000000)  (0.23497770,0.0000000)  (0.0000000,0.0000000)  
(0.0000000,0.0000000)  (0.12253224,0.0000000)  (0.0000000,0.0000000)  (0.46377928,0.0000000)  (0.60635798,0.0000000)  (0.39538285,0.0000000)  (0.15056458,0.0000000)  (-0.32808849,0.0000000)  (0.0000000,0.0000000)  (0.0000000,0.0000000)  (-0.17437693,0.0000000)  
(0.0000000,0.0000000)  (0.0000000,0.0000000)  (0.0000000,0.0000000)  (0.0000000,0.0000000)  (0.0000000,0.0000000)  (-0.12756817,0.0000000)  (-0.27511263,0.0000000)  (0.0000000,0.0000000)  (0.0000000,0.0000000)  (0.77641999,0.0000000)  (-0.20295560,0.0000000)  
(0.0000000,0.0000000)  (0.0000000,0.0000000)  (0.0000000,0.0000000)  (0.0000000,0.0000000)  (0.0000000,0.0000000)  (0.0000000,0.0000000)  (0.0000000,0.0000000)  (-0.10418286,0.0000000)  (0.0000000,0.0000000)  (0.0000000,0.0000000)  (0.33064028,0.0000000)  
(0.0000000,0.0000000)  (0.0000000,0.0000000)  (0.0000000,0.0000000)  (0.0000000,0.0000000)  (0.19616196,0.0000000)  (-0.11366841,0.0000000)  (-0.29677048,0.0000000)  (0.0000000,0.0000000)  (0.0000000,0.0000000)  (0.31744373,0.0000000)  (0.0000000,0.0000000)  
(0.0000000,0.0000000)  (0.0000000,0.0000000)  (0.0000000,0.0000000)  (0.0000000,0.0000000)  (0.0000000,0.0000000)  (0.0000000,0.0000000)  (-0.17622576,0.0000000)  (0.0000000,0.0000000)  (0.0000000,0.0000000)  (-0.22344062,0.0000000)  (0.0000000,0.0000000)  
(0.0000000,0.0000000)  (0.0000000,0.0000000)  (0.0000000,0.0000000)  (0.0000000,0.0000000)  (0.0000000,0.0000000)  (0.0000000,0.0000000)  (0.0000000,0.0000000)  (0.0000000,0.0000000)  (0.0000000,0.0000000)  (0.0000000,0.0000000)  (0.0000000,0.0000000)  
(0.0000000,0.0000000)  (0.0000000,0.0000000)  (0.0000000,0.0000000)  (0.0000000,0.0000000)  (0.0000000,0.0000000)  (0.0000000,0.0000000)  (0.0000000,0.0000000)  (0.0000000,0.0000000)  (0.0000000,0.0000000)  (0.18386406,0.0000000)  (0.0000000,0.0000000)  
(0.0000000,0.0000000)  (0.0000000,0.0000000)  (0.0000000,0.0000000)  (0.0000000,0.0000000)  (0.0000000,0.0000000)  (0.0000000,0.0000000)  (0.0000000,0.0000000)  (0.0000000,0.0000000)  (0.0000000,0.0000000)  (-0.16389984,0.0000000)  (0.0000000,0.0000000)  
(0.0000000,0.0000000)  (0.0000000,0.0000000)  (0.0000000,0.0000000)  (0.0000000,0.0000000)  (0.0000000,0.0000000)  (0.0000000,0.0000000)  (0.0000000,0.0000000)  (0.0000000,0.0000000)  (0.0000000,0.0000000)  (0.10316975,0.0000000)  (0.0000000,0.0000000)  
(0.0000000,0.0000000)  (0.0000000,0.0000000)  (0.0000000,0.0000000)  (0.0000000,0.0000000)  (0.0000000,0.0000000)  (0.0000000,0.0000000)  (0.0000000,0.0000000)  (0.0000000,0.0000000)  (1.0000000,0.0000000)  (0.0000000,0.0000000)  (0.0000000,0.0000000)  
(0.0000000,0.0000000)  (0.0000000,0.0000000)  (0.0000000,0.0000000)  (0.0000000,0.0000000)  (0.0000000,0.0000000)  (0.0000000,0.0000000)  (0.0000000,0.0000000)  (0.15360555,0.0000000)  (0.0000000,0.0000000)  (0.0000000,0.0000000)  (0.63144563,0.0000000)  
(0.0000000,0.0000000)  (0.0000000,0.0000000)  (0.0000000,0.0000000)  (0.0000000,0.0000000)  (0.0000000,0.0000000)  (0.0000000,0.0000000)  (0.0000000,0.0000000)  (0.0000000,0.0000000)  (0.0000000,0.0000000)  (0.0000000,0.0000000)  (-0.12819930,0.0000000)  
(0.0000000,0.0000000)  (0.0000000,0.0000000)  (0.0000000,0.0000000)  (0.0000000,0.0000000)  (0.0000000,0.0000000)  (0.0000000,0.0000000)  (0.0000000,0.0000000)  (0.0000000,0.0000000)  (0.0000000,0.0000000)  (0.10289945,0.0000000)  (0.0000000,0.0000000)  
(0.0000000,0.0000000)  (0.0000000,0.0000000)  (0.0000000,0.0000000)  (0.0000000,0.0000000)  (0.0000000,0.0000000)  (0.0000000,0.0000000)  (0.0000000,0.0000000)  (0.0000000,0.0000000)  (0.0000000,0.0000000)  (0.0000000,0.0000000)  (0.0000000,0.0000000)  
(0.0000000,0.0000000)  (0.0000000,0.0000000)  (0.0000000,0.0000000)  (0.0000000,0.0000000)  (0.0000000,0.0000000)  (0.0000000,0.0000000)  (0.0000000,0.0000000)  (0.0000000,0.0000000)  (0.0000000,0.0000000)  (0.0000000,0.0000000)  (0.0000000,0.0000000)  
