(1.0000000,0.0000000)  (0.0000000,0.0000000)  (0.0000000,0.0000000)  (0.0000000,0.0000000)  (0.0000000,0.0000000)  (0.0000000,0.0000000)  (0.0000000,0.0000000)  (0.0000000,0.0000000)  (0.0000000,0.0000000)  (0.0000000,0.0000000)  (0.0000000,0.0000000)  
(0.0000000,0.0000000)  (-0.96283151,0.0000000)  (0.0000000,0.0000000)  (0.12168653,0.0000000)  (0.0000000,0.0000000)  (0.0000000,0.0000000)  (0.0000000,0.0000000)  (0.21838580,0.0000000)  (0.0000000,0.0000000)  (0.0000000,0.0000000)  (0.0000000,0.0000000)  
(0.0000000,0.0000000)  (0.0000000,0.0000000)  (0.0000000,0.0000000)  (-0.27191366,0.0000000)  (-0.43026637,0.0000000)  (0.39801127,0.0000000)  (0.0000000,0.0000000)  (0.68684045,0.0000000)  (0.0000000,0.0000000)  (-0.12239371,0.0000000)  (-0.13842180,0.0000000)  
(0.0000000,0.0000000)  (-0.24626147,0.0000000)  (0.0000000,0.0000000)  (-0.77678795,0.0000000)  (-0.18870360,0.0000000)  (0.17939276,0.0000000)  (0.0000000,0.0000000)  (-0.31533143,0.0000000)  (0.0000000,0.0000000)  (0.0000000,0.0000000)  (0.24859615,0.0000000)  
(0.0000000,0.0000000)  (0.0000000,0.0000000)  (0.0000000,0.0000000)  (0.0000000,0.0000000)  (-0.12808954,0.0000000)  (-0.53328371,0.0000000)  (0.29996844,0.0000000)  (0.47314895,0.0000000)  (0.0000000,0.0000000)  (0.0000000,0.0000000)  (0.45249678,0.0000000)  
(0.0000000,0.0000000)  (0.0000000,0.0000000)  (-0.92007013,0.0000000)  (0.0000000,0.0000000)  (0.0000000,0.0000000)  (-0.11213014,0.0000000)  (-0.26703980,0.0000000)  (0.0000000,0.0000000)  (0.0000000,0.0000000)  (0.14170141,0.0000000)  (0.0000000,0.0000000)  
(0.0000000,0.0000000)  (0.0000000,0.0000000)  (0.39175369,0.0000000)  (0.0000000,0.0000000)  (-0.32559380,0.0000000)  (-0.29650400,0.0000000)  (-0.68768323,0.0000000)  (0.0000000,0.0000000)  (0.0000000,0.0000000)  (0.21899735,0.0000000)  (0.0000000,0.0000000)  
(0.0000000,0.0000000)  (0.0000000,0.0000000)  (0.0000000,0.0000000)  (-0.22614139,0.0000000)  (-0.37747364,0.0000000)  (-0.56678013,0.0000000)  (0.37835988,0.0000000)  (-0.19439034,0.0000000)  (0.0000000,0.0000000)  (-0.12103537,0.0000000)  (-0.38150410,0.0000000)  
(0.0000000,0.0000000)  (0.0000000,0.0000000)  (0.0000000,0.0000000)  (0.0000000,0.0000000)  (0.18919019,0.0000000)  (0.0000000,0.0000000)  (0.0000000,0.0000000)  (0.0000000,0.0000000)  (0.0000000,0.0000000)  (-0.23191629,0.0000000)  (0.0000000,0.0000000)  
(0.0000000,0.0000000)  (-0.11095392,0.0000000)  (0.0000000,0.0000000)  (0.50667139,0.0000000)  (-0.67102155,0.0000000)  (0.26530012,0.0000000)  (0.15495341,0.0000000)  (-0.30428036,0.0000000)  (0.0000000,0.0000000)  (0.0000000,0.0000000)  (0.14221759,0.0000000)  
(0.0000000,0.0000000)  (0.0000000,0.0000000)  (0.0000000,0.0000000)  (0.0000000,0.0000000)  (0.0000000,0.0000000)  (-0.11795313,0.0000000)  (-0.27770031,0.0000000)  (0.0000000,0.0000000)  (0.0000000,0.0000000)  (-0.78800686,0.0000000)  (0.17217901,0.0000000)  
(0.0000000,0.0000000)  (0.0000000,0.0000000)  (0.0000000,0.0000000)  (0.0000000,0.0000000)  (0.0000000,0.0000000)  (0.0000000,0.0000000)  (0.0000000,0.0000000)  (0.0000000,0.0000000)  (0.0000000,0.0000000)  (0.0000000,0.0000000)  (-0.32267971,0.0000000)  
(0.0000000,0.0000000)  (0.0000000,0.0000000)  (0.0000000,0.0000000)  (0.0000000,0.0000000)  (-0.16820927,0.0000000)  (-0.13780116,0.0000000)  (-0.29750105,0.0000000)  (0.0000000,0.0000000)  (0.0000000,0.0000000)  (-0.30919086,0.0000000)  (0.0000000,0.0000000)  
(0.0000000,0.0000000)  (0.0000000,0.0000000)  (0.0000000,0.0000000)  (0.0000000,0.0000000)  (0.0000000,0.0000000)  (0.0000000,0.0000000)  (-0.18168481,0.0000000)  (0.0000000,0.0000000)  (0.0000000,0.0000000)  (0.23293377,0.0000000)  (0.0000000,0.0000000)  
(0.0000000,0.0000000)  (0.0000000,0.0000000)  (0.0000000,0.0000000)  (0.0000000,0.0000000)  (0.0000000,0.0000000)  (0.0000000,0.0000000)  (0.0000000,0.0000000)  (0.0000000,0.0000000)  (0.0000000,0.0000000)  (0.0000000,0.0000000)  (0.0000000,0.0000000)  
(0.0000000,0.0000000)  (0.0000000,0.0000000)  (0.0000000,0.0000000)  (0.0000000,0.0000000)  (0.0000000,0.0000000)  (0.0000000,0.0000000)  (0.0000000,0.0000000)  (0.0000000,0.0000000)  (0.0000000,0.0000000)  (0.17443986,0.0000000)  (0.0000000,0.0000000)  
(0.0000000,0.0000000)  (0.0000000,0.0000000)  (0.0000000,0.0000000)  (0.0000000,0.0000000)  (0.0000000,0.0000000)  (0.0000000,0.0000000)  (0.0000000,0.0000000)  (0.0000000,0.0000000)  (0.0000000,0.0000000)  (0.16000486,0.0000000)  (0.0000000,0.0000000)  
(0.0000000,0.0000000)  (0.0000000,0.0000000)  (0.0000000,0.0000000)  (0.0000000,0.0000000)  (0.0000000,0.0000000)  (0.0000000,0.0000000)  (0.0000000,0.0000000)  (0.0000000,0.0000000)  (0.0000000,0.0000000)  (-0.10207768,0.0000000)  (0.0000000,0.0000000)  
(0.0000000,0.0000000)  (0.0000000,0.0000000)  (0.0000000,0.0000000)  (0.0000000,0.0000000)  (0.0000000,0.0000000)  (0.0000000,0.0000000)  (0.0000000,0.0000000)  (0.0000000,0.0000000)  (1.0000000,0.0000000)  (0.0000000,0.0000000)  (0.0000000,0.0000000)  
(0.0000000,0.0000000)  (0.0000000,0.0000000)  (0.0000000,0.0000000)  (0.0000000,0.0000000)  (0.0000000,0.0000000)  (0.0000000,0.0000000)  (0.0000000,0.0000000)  (-0.16395076,0.0000000)  (0.0000000,0.0000000)  (0.0000000,0.0000000)  (0.63111033,0.0000000)  
(0.0000000,0.0000000)  (0.0000000,0.0000000)  (0.0000000,0.0000000)  (0.0000000,0.0000000)  (0.0000000,0.0000000)  (0.0000000,0.0000000)  (0.0000000,0.0000000)  (0.0000000,0.0000000)  (0.0000000,0.0000000)  (0.0000000,0.0000000)  (0.12824491,0.0000000)  
(0.0000000,0.0000000)  (0.0000000,0.0000000)  (0.0000000,0.0000000)  (0.0000000,0.0000000)  (0.0000000,0.0000000)  (0.0000000,0.0000000)  (0.0000000,0.0000000)  (0.0000000,0.0000000)  (0.0000000,0.0000000)  (0.10622290,0.0000000)  (0.0000000,0.0000000)  
(0.0000000,0.0000000)  (0.0000000,0.0000000)  (0.0000000,0.0000000)  (0.0000000,0.0000000)  (0.0000000,0.0000000)  (0.0000000,0.0000000)  (0.0000000,0.0000000)  (0.0000000,0.0000000)  (0.0000000,0.0000000)  (0.0000000,0.0000000)  (0.0000000,0.0000000)  
(0.0000000,0.0000000)  (0.0000000,0.0000000)  (0.0000000,0.0000000)  (0.0000000,0.0000000)  (0.0000000,0.0000000)  (0.0000000,0.0000000)  (0.0000000,0.0000000)  (0.0000000,0.0000000)  (0.0000000,0.0000000)  (0.0000000,0.0000000)  (0.0000000,0.0000000)  
