     6
            1410660654
C    0.5637889   -0.0191316    0.0799138       0.0008610    0.0004464   -0.0006378
N   -0.4672323   -0.0229173    1.2812267      -0.0008461    0.0005979    0.0013869
H    0.9848125    0.9561858   -0.3205152       0.0047831   -0.0017928   -0.0089844
H   -1.3465237   -0.8133297    1.7084492      -0.0040625   -0.0085823   -0.0005498
H    0.0642379    1.0892918    1.6938512       0.0007147   -0.0023619    0.0002546
H    0.0761664   -0.6859521   -0.5630778       0.0000695   -0.0008848   -0.0023969
unit angstrom
states   4  0  3
dt    20.670687
step     200
savedir /projects/academic/cyberwksp21/Students/jstetzler/SHARC_examples/copy/Tutorial/traj/Singlet_2/TRAJ_00004/restart
SOC
DM
GRAD   1
OVERLAP
PHASES
 
 
