     6
            2144419014
C    0.0202440   -0.1084918   -1.2114861      -0.0000124   -0.0005174   -0.0002326
N    0.0043256    0.0802546    2.3366635       0.0003087   -0.0002321    0.0001988
H   -1.0077197   -0.2557279   -0.7974502      -0.0009120    0.0035136    0.0020784
H   -0.4889575   -0.8047605    2.4454451      -0.0017495   -0.0012475   -0.0039532
H    0.5905350    0.5947658    2.9103116      -0.0018188    0.0046643   -0.0006125
H    0.6046952    0.6426435   -1.3278847       0.0003384    0.0024552    0.0024953
unit angstrom
states   4  0  3
dt    20.670687
step     200
savedir /projects/academic/cyberwksp21/Students/jstetzler/SHARC_examples/copy/Tutorial/traj/Singlet_2/TRAJ_00006/restart
SOC
DM
GRAD   1
OVERLAP
PHASES
 
 
