     6
             460158992
C   -0.0282009   -0.1183301    0.1562905       0.0004099   -0.0002336    0.0007777
N   -0.0713779    0.1073725    1.2039221       0.0000303    0.0005201   -0.0010025
H    0.6738959    0.8949231   -0.5286117      -0.0052648    0.0011382   -0.0026482
H    1.0251553    1.1355748    1.9615589       0.0026950   -0.0005036    0.0058085
H   -0.1487777   -1.0321633    1.5434676      -0.0030271   -0.0044239    0.0005125
H   -0.2229065   -1.0813089   -0.2929982       0.0002945   -0.0006561    0.0009962
unit angstrom
states   4  0  3
dt    20.670687
step     200
savedir /projects/academic/cyberwksp21/Students/jstetzler/SHARC_examples/copy/Tutorial/traj/Singlet_2/TRAJ_00010/restart
SOC
DM
GRAD   1
OVERLAP
PHASES
 
 
