--------RELAXATION STYLE: normal ---------
relax_eps_factor =   0.392287
relax_coord_factor =   2.620624
Hessian update: 1
--------JOB: relax ---------
Current state:
strain part:
 0.00000      0.00000      0.00000    
 0.00000      0.00000      0.00000    
 0.000      0.000      0.000    
coordinate components:
 0.00000      0.00000      0.00000    
0.500000     0.500000     0.500000    
in cartesian coordinates:
 0.00000      0.00000      0.00000    
 3.96850      3.96850      3.96850    
Enthalpy( 125.0000)=   -42.341032378 +      0.000000000=   -42.341032378
set pressure stress for p=    0.0000 GPa [Ry/a.u**3]:
strain part:
 0.00000      0.00000      0.00000    
 0.00000      0.00000      0.00000    
 0.000      0.000      0.000    
actual pressure stress for p=    0.0000 GPa [Ry/a.u**3]:
corrected LDA stress * Volume [Ry]:
strain part:
 0.00000      0.00000      0.00000    
 0.00000      0.00000      0.00000    
 0.000      0.000      0.000    
gradient has length  0.000000:
strain part:
 0.00000      0.00000      0.00000    
 0.00000      0.00000      0.00000    
 0.000      0.000      0.000    
coordinate components:
 0.00000      0.00000      0.00000    
 0.00000      0.00000      0.00000    
in cartesian coordinates:
 0.00000      0.00000      0.00000    
 0.00000      0.00000      0.00000    
rho =  0.000000
already done at iteration 0!
final lattice vectors:
 0.000000 3.968503 3.968503
 3.968503 0.000000 3.968503
 3.968503 3.968503 0.000000
H matrix:
 0.392287  0.000000  0.000000
 0.000000  0.000000  0.000000
 0.000000  0.000000  0.000000
 0.000000  0.000000  0.000000
 0.000000  0.000000  0.000000
 
 0.000000  0.392287  0.000000
 0.000000  0.000000  0.000000
 0.000000  0.000000  0.000000
 0.000000  0.000000  0.000000
 0.000000  0.000000  0.000000
 
 0.000000  0.000000  0.392287
 0.000000  0.000000  0.000000
 0.000000  0.000000  0.000000
 0.000000  0.000000  0.000000
 0.000000  0.000000  0.000000
 
 0.000000  0.000000  0.000000
 0.392287  0.000000  0.000000
 0.000000  0.000000  0.000000
 0.000000  0.000000  0.000000
 0.000000  0.000000  0.000000
 
 0.000000  0.000000  0.000000
 0.000000  0.392287  0.000000
 0.000000  0.000000  0.000000
 0.000000  0.000000  0.000000
 0.000000  0.000000  0.000000
 
 0.000000  0.000000  0.000000
 0.000000  0.000000  0.392287
 0.000000  0.000000  0.000000
 0.000000  0.000000  0.000000
 0.000000  0.000000  0.000000
 
 0.000000  0.000000  0.000000
 0.000000  0.000000  0.000000
 0.392287  0.000000  0.000000
 0.000000  0.000000  0.000000
 0.000000  0.000000  0.000000
 
 0.000000  0.000000  0.000000
 0.000000  0.000000  0.000000
 0.000000  0.392287  0.000000
 0.000000  0.000000  0.000000
 0.000000  0.000000  0.000000
 
 0.000000  0.000000  0.000000
 0.000000  0.000000  0.000000
 0.000000  0.000000  0.392287
 0.000000  0.000000  0.000000
 0.000000  0.000000  0.000000
 
 0.000000  0.000000  0.000000
 0.000000  0.000000  0.000000
 0.000000  0.000000  0.000000
 0.124799 -0.041600 -0.041600
 0.000000  0.000000  0.000000
 
 0.000000  0.000000  0.000000
 0.000000  0.000000  0.000000
 0.000000  0.000000  0.000000
-0.041600  0.124799 -0.041600
 0.000000  0.000000  0.000000
 
 0.000000  0.000000  0.000000
 0.000000  0.000000  0.000000
 0.000000  0.000000  0.000000
-0.041600 -0.041600  0.124799
 0.000000  0.000000  0.000000
 
 0.000000  0.000000  0.000000
 0.000000  0.000000  0.000000
 0.000000  0.000000  0.000000
 0.000000  0.000000  0.000000
 0.124799 -0.041600 -0.041600
 
 0.000000  0.000000  0.000000
 0.000000  0.000000  0.000000
 0.000000  0.000000  0.000000
 0.000000  0.000000  0.000000
-0.041600  0.124799 -0.041600
 
 0.000000  0.000000  0.000000
 0.000000  0.000000  0.000000
 0.000000  0.000000  0.000000
 0.000000  0.000000  0.000000
-0.041600 -0.041600  0.124799
 
It took   1 call(s) to the pw program!
