#    Density matrix based averaged BO population
       0     0.00000000     1.00000000
       1     0.00000007     0.99999993
       2     0.00000002     0.99999998
       3     0.00000004     0.99999996
       4     0.00000004     0.99999996
       5     0.00000001     0.99999999
       6     0.00000005     0.99999995
       7     0.00000001     0.99999999
       8     0.00000004     0.99999996
       9     0.00000002     0.99999998
      10     0.00000003     0.99999997
      11     0.00000002     0.99999998
      12     0.00003433     0.99996567
      13     0.00005081     0.99994919
      14     0.00003598     0.99996402
      15     0.00007061     0.99992939
      16     0.00002670     0.99997330
      17     0.00006795     0.99993205
      18     0.00004406     0.99995594
      19     0.00005115     0.99994885
      20     0.00009988     0.99990012
      21     0.00002858     0.99997142
      22     0.00008035     0.99991965
      23     0.00007989     0.99992011
      24     0.00003222     0.99996778
      25     0.00008768     0.99991232
      26     0.00007519     0.99992481
      27     0.00003923     0.99996077
      28     0.00007935     0.99992065
      29     0.00008260     0.99991740
      30     0.00004950     0.99995050
      31     0.00006141     0.99993859
      32     0.00008428     0.99991572
      33     0.00007143     0.99992857
      34     0.00008266     0.99991734
      35     0.00013629     0.99986371
      36     0.00010876     0.99989124
      37     0.00012114     0.99987886
      38     0.00011039     0.99988961
      39     0.00008238     0.99991762
      40     0.00013001     0.99986999
      41     0.00013984     0.99986016
      42     0.00007887     0.99992113
      43     0.00008935     0.99991065
      44     0.00013589     0.99986411
      45     0.00011817     0.99988183
      46     0.00009501     0.99990499
      47     0.00010411     0.99989589
      48     0.00010246     0.99989754
      49     0.00010293     0.99989707
      50     0.00012273     0.99987727
      51     0.00011703     0.99988297
      52     0.00008286     0.99991714
      53     0.00008173     0.99991827
      54     0.00012004     0.99987996
      55     0.00013342     0.99986658
      56     0.00009981     0.99990019
      57     0.00007201     0.99992799
      58     0.00008883     0.99991117
      59     0.00012160     0.99987840
      60     0.00012483     0.99987517
      61     0.00009840     0.99990160
      62     0.00007837     0.99992163
      63     0.00008665     0.99991335
      64     0.00010943     0.99989057
      65     0.00011957     0.99988043
      66     0.00010767     0.99989233
      67     0.00008865     0.99991135
      68     0.00008259     0.99991741
      69     0.00009420     0.99990580
      70     0.00011082     0.99988918
      71     0.00011605     0.99988395
      72     0.00010532     0.99989468
      73     0.00009002     0.99990998
      74     0.00008482     0.99991518
      75     0.00009286     0.99990714
      76     0.00010570     0.99989430
      77     0.00011308     0.99988692
      78     0.00011132     0.99988868
      79     0.00010547     0.99989453
      80     0.00010262     0.99989738
      81     0.00010326     0.99989674
      82     0.00010370     0.99989630
      83     0.00010358     0.99989642
      84     0.00010432     0.99989568
      85     0.00010470     0.99989530
      86     0.00010409     0.99989591
      87     0.00010577     0.99989423
      88     0.00011494     0.99988506
      89     0.00013768     0.99986232
      90     0.00017974     0.99982026
      91     0.00024312     0.99975688
      92     0.00032894     0.99967106
      93     0.00044765     0.99955235
      94     0.00062624     0.99937376
      95     0.00091342     0.99908658
      96     0.00140190     0.99859810
      97     0.00229077     0.99770923
      98     0.00400786     0.99599214
      99     0.00740543     0.99259457
     100     0.01394163     0.98605837
     101     0.02535371     0.97464629
     102     0.04205391     0.95794609
     103     0.06337964     0.93662036
     104     0.08398008     0.91601992
     105     0.09734350     0.90265650
     106     0.10546078     0.89453922
     107     0.11111509     0.88888491
     108     0.11664353     0.88335647
     109     0.12386509     0.87613491
     110     0.13392872     0.86607128
     111     0.14723424     0.85276576
     112     0.16083966     0.83916034
     113     0.17149087     0.82850913
     114     0.17965876     0.82034124
     115     0.18688020     0.81311980
     116     0.19972537     0.80027463
     117     0.27462761     0.72537239
     118     0.37729882     0.62270118
     119     0.41644264     0.58355736
     120     0.44891466     0.55108534
     121     0.48044223     0.51955777
     122     0.50416699     0.49583301
     123     0.51896436     0.48103564
     124     0.52737372     0.47262628
     125     0.53205795     0.46794205
     126     0.53484488     0.46515512
     127     0.53835589     0.46164411
     128     0.53895235     0.46104765
     129     0.53950467     0.46049533
     130     0.54055068     0.45944932
     131     0.54256937     0.45743063
     132     0.54594767     0.45405233
     133     0.55099378     0.44900622
     134     0.55784931     0.44215069
     135     0.56626911     0.43373089
     136     0.57562964     0.42437036
     137     0.58734981     0.41265019
     138     0.59684597     0.40315403
     139     0.60719216     0.39280784
     140     0.61952122     0.38047878
     141     0.63492973     0.36507027
     142     0.65485319     0.34514681
     143     0.67388195     0.32611805
     144     0.68300448     0.31699552
     145     0.68239640     0.31760360
     146     0.67475672     0.32524328
     147     0.66433185     0.33566815
     148     0.65593678     0.34406322
     149     0.65379155     0.34620845
     150     0.66030868     0.33969132
     151     0.67249319     0.32750681
     152     0.68583011     0.31416989
     153     0.69968306     0.30031694
     154     0.71365676     0.28634324
     155     0.72665208     0.27334792
     156     0.73673614     0.26326386
     157     0.74131890     0.25868110
     158     0.73814933     0.26185067
     159     0.72969834     0.27030166
     160     0.72170183     0.27829817
     161     0.71615220     0.28384780
     162     0.71232884     0.28767116
     163     0.70921861     0.29078139
     164     0.70603400     0.29396600
     165     0.70281156     0.29718844
     166     0.70245424     0.29754576
     167     0.70364725     0.29635275
     168     0.71161097     0.28838903
     169     0.72583201     0.27416799
     170     0.74574467     0.25425533
     171     0.76729445     0.23270555
     172     0.78851559     0.21148441
     173     0.80628498     0.19371502
     174     0.81901027     0.18098973
     175     0.82743757     0.17256243
     176     0.82368985     0.17631015
     177     0.82657616     0.17342384
     178     0.84063382     0.15936618
     179     0.85549390     0.14450610
     180     0.87408575     0.12591425
     181     0.89614081     0.10385919
     182     0.91959846     0.08040154
     183     0.94058540     0.05941460
     184     0.95663203     0.04336797
     185     0.96779878     0.03220122
     186     0.97564113     0.02435887
     187     0.98137812     0.01862188
     188     0.98562766     0.01437234
     189     0.98875017     0.01124983
     190     0.99090808     0.00909192
     191     0.99259861     0.00740139
     192     0.99417283     0.00582717
     193     0.99681349     0.00318651
     194     0.99688767     0.00311233
     195     0.99695975     0.00304025
     196     0.99748333     0.00251667
     197     0.99995854     0.00004146
     198     0.99990828     0.00009172
     199     0.99984164     0.00015836
     200     0.99988055     0.00011945
     201     0.99995005     0.00004995
     202     0.99988955     0.00011045
     203     0.99984097     0.00015903
     204     0.99990600     0.00009400
     205     0.99987344     0.00012656
     206     0.99978610     0.00021390
     207     0.99980630     0.00019370
     208     0.99973007     0.00026993
     209     0.99982589     0.00017411
     210     0.99983512     0.00016488
     211     0.99983651     0.00016349
     212     0.99987338     0.00012662
     213     0.99974960     0.00025040
     214     0.99988511     0.00011489
     215     0.99991229     0.00008771
     216     0.99986483     0.00013517
     217     0.99993203     0.00006797
     218     0.99989560     0.00010440
     219     0.99990879     0.00009121
     220     0.99991890     0.00008110
     221     0.99989919     0.00010081
     222     0.99992176     0.00007824
     223     0.99990369     0.00009631
     224     0.99991526     0.00008474
     225     0.99991116     0.00008884
     226     0.99990936     0.00009064
     227     0.99991541     0.00008459
     228     0.99990735     0.00009265
     229     0.99991578     0.00008422
     230     0.99990838     0.00009162
     231     0.99991405     0.00008595
     232     0.99991048     0.00008952
     233     0.99991203     0.00008797
     234     0.99991227     0.00008773
     235     0.99991063     0.00008937
     236     0.99991333     0.00008667
     237     0.99990989     0.00009011
     238     0.99991379     0.00008621
     239     0.99990971     0.00009029
     240     0.99991365     0.00008635
     241     0.99991023     0.00008977
     242     0.99991270     0.00008730
     243     0.99991159     0.00008841
     244     0.99991100     0.00008900
     245     0.99991337     0.00008663
     246     0.99990943     0.00009057
     247     0.99991436     0.00008564
     248     0.99990929     0.00009071
     249     0.99991348     0.00008652
     250     0.99991105     0.00008895
     251     0.99991117     0.00008883
     252     0.99991330     0.00008670
     253     0.99990955     0.00009045
     254     0.99991382     0.00008618
     255     0.99991019     0.00008981
     256     0.99991229     0.00008771
     257     0.99991196     0.00008804
     258     0.99991105     0.00008895
     259     0.99991221     0.00008779
     260     0.99991183     0.00008817
     261     0.99991101     0.00008899
     262     0.99991261     0.00008739
     263     0.99991147     0.00008853
     264     0.99991077     0.00008923
     265     0.99991411     0.00008589
     266     0.99990853     0.00009147
     267     0.99991467     0.00008533
     268     0.99991025     0.00008975
     269     0.99991090     0.00008910
     270     0.99991472     0.00008528
     271     0.99990728     0.00009272
     272     0.99991600     0.00008400
     273     0.99990872     0.00009128
     274     0.99991234     0.00008766
     275     0.99991317     0.00008683
     276     0.99990864     0.00009136
     277     0.99991501     0.00008499
     278     0.99990892     0.00009108
     279     0.99991330     0.00008670
     280     0.99991101     0.00008899
     281     0.99991175     0.00008825
     282     0.99991173     0.00008827
     283     0.99991145     0.00008855
     284     0.99991225     0.00008775
     285     0.99991015     0.00008985
     286     0.99991406     0.00008594
     287     0.99990841     0.00009159
     288     0.99991460     0.00008540
     289     0.99990957     0.00009043
     290     0.99991165     0.00008835
     291     0.99991343     0.00008657
     292     0.99990799     0.00009201
     293     0.99991573     0.00008427
     294     0.99990763     0.00009237
     295     0.99991420     0.00008580
     296     0.99991039     0.00008961
     297     0.99991108     0.00008892
     298     0.99991314     0.00008686
     299     0.99990912     0.00009088
     300     0.99991438     0.00008562