#    Averaged Non-Adiabatic Coupling Matrix Eliments: off-diagonal
       0     0.00002734
       1     0.00002725
       2     0.00002669
       3     0.00002568
       4     0.00002432
       5     0.00002259
       6     0.00002057
       7     0.00001832
       8     0.00001597
       9     0.00001353
      10     0.00001215
      11     0.00001301
      12     0.00063590
      13     0.00019939
      14     0.00048781
      15     0.00033639
      16     0.00031797
      17     0.00032159
      18     0.00033109
      19     0.00069397
      20     0.00056859
      21     0.00053834
      22     0.00052747
      23     0.00052233
      24     0.00052153
      25     0.00052173
      26     0.00052165
      27     0.00052115
      28     0.00052003
      29     0.00051823
      30     0.00051569
      31     0.00051231
      32     0.00050806
      33     0.00050295
      34     0.00103004
      35     0.00067902
      36     0.00062158
      37     0.00059249
      38     0.00057129
      39     0.00055285
      40     0.00053538
      41     0.00051817
      42     0.00050088
      43     0.00048334
      44     0.00046550
      45     0.00044734
      46     0.00042890
      47     0.00041025
      48     0.00039151
      49     0.00037284
      50     0.00035442
      51     0.00033638
      52     0.00031890
      53     0.00030213
      54     0.00028621
      55     0.00027123
      56     0.00025727
      57     0.00024438
      58     0.00023260
      59     0.00022194
      60     0.00021240
      61     0.00020397
      62     0.00019662
      63     0.00019031
      64     0.00018499
      65     0.00018062
      66     0.00017704
      67     0.00017433
      68     0.00017236
      69     0.00017107
      70     0.00017044
      71     0.00017062
      72     0.00017122
      73     0.00017263
      74     0.00017454
      75     0.00017722
      76     0.00018644
      77     0.00020278
      78     0.00022025
      79     0.00023899
      80     0.00025905
      81     0.00028037
      82     0.00030258
      83     0.00032817
      84     0.00036555
      85     0.00040278
      86     0.00043737
      87     0.00046724
      88     0.00049135
      89     0.00051059
      90     0.00052791
      91     0.00054724
      92     0.00057386
      93     0.00061373
      94     0.00067410
      95     0.00076454
      96     0.00089837
      97     0.00109424
      98     0.00137565
      99     0.00176175
     100     0.00223200
     101     0.00265695
     102     0.00279823
     103     0.00325746
     104     0.00234364
     105     0.00160892
     106     0.00112454
     107     0.00083114
     108     0.00065686
     109     0.00056140
     110     0.00052555
     111     0.00054543
     112     0.00063075
     113     0.00081514
     114     0.00120793
     115     0.00212755
     116     0.00499969
     117     0.01592718
     118     0.00794798
     119     0.00497815
     120     0.00433129
     121     0.00342042
     122     0.00246650
     123     0.00178761
     124     0.00138066
     125     0.00122712
     126     0.00117785
     127     0.00120363
     128     0.00128816
     129     0.00142086
     130     0.00159108
     131     0.00178266
     132     0.00199143
     133     0.00222042
     134     0.00239550
     135     0.00252643
     136     0.00265199
     137     0.00282833
     138     0.00310974
     139     0.00352374
     140     0.00402316
     141     0.00443401
     142     0.00535480
     143     0.00469103
     144     0.00406373
     145     0.00366317
     146     0.00338126
     147     0.00306002
     148     0.00263470
     149     0.00218214
     150     0.00185294
     151     0.00161240
     152     0.00148030
     153     0.00146840
     154     0.00160451
     155     0.00197939
     156     0.00261654
     157     0.00352015
     158     0.00440311
     159     0.00425126
     160     0.00334571
     161     0.00256771
     162     0.00215257
     163     0.00203785
     164     0.00214025
     165     0.00236477
     166     0.00255231
     167     0.00250964
     168     0.00231867
     169     0.00203374
     170     0.00177817
     171     0.00164105
     172     0.00267576
     173     0.00245471
     174     0.00271065
     175     0.00608682
     176     0.00544137
     177     0.00344060
     178     0.00212704
     179     0.00150281
     180     0.00119992
     181     0.00101873
     182     0.00087765
     183     0.00074499
     184     0.00062006
     185     0.00056968
     186     0.00055746
     187     0.00054570
     188     0.00053644
     189     0.00052996
     190     0.00052599
     191     0.00052422
     192     0.00052434
     193     0.00052613
     194     0.00052985
     195     0.00053552
     196     0.00054340
     197     0.00055389
     198     0.00056756
     199     0.00058536
     200     0.00060884
     201     0.00064149
     202     0.00068631
     203     0.00074926
     204     0.00084207
     205     0.00098774
     206     0.00122869
     207     0.00156201
     208     0.00156797
     209     0.00126641
     210     0.00111463
     211     0.00111108
     212     0.00115769
     213     0.00106960
     214     0.00083558
     215     0.00062058
     216     0.00046996
     217     0.00036762
     218     0.00029625
     219     0.00024510
     220     0.00020742
     221     0.00017903
     222     0.00015726
     223     0.00014031
     224     0.00012686
     225     0.00011620
     226     0.00010762
     227     0.00010068
     228     0.00009495
     229     0.00009022
     230     0.00008634
     231     0.00008301
     232     0.00008024
     233     0.00007791
     234     0.00007594
     235     0.00007423
     236     0.00007286
     237     0.00007166
     238     0.00007065
     239     0.00006983
     240     0.00007026
     241     0.00007115
     242     0.00007221
     243     0.00007332
     244     0.00007447
     245     0.00007569
     246     0.00007686
     247     0.00007810
     248     0.00007925
     249     0.00008032
     250     0.00008128
     251     0.00008208
     252     0.00008268
     253     0.00008303
     254     0.00008306
     255     0.00008272
     256     0.00008195
     257     0.00008069
     258     0.00007888
     259     0.00007649
     260     0.00007346
     261     0.00006984
     262     0.00006698
     263     0.00006420
     264     0.00006091
     265     0.00005716
     266     0.00005618
     267     0.00006288
     268     0.00007106
     269     0.00007867
     270     0.00008550
     271     0.00009132
     272     0.00009607
     273     0.00009960
     274     0.00010186
     275     0.00010283
     276     0.00010257
     277     0.00010116
     278     0.00009876
     279     0.00009546
     280     0.00009160
     281     0.00009393
     282     0.00010065
     283     0.00010709
     284     0.00011320
     285     0.00011885
     286     0.00012401
     287     0.00012870
     288     0.00013279
     289     0.00013634
     290     0.00013935
     291     0.00014177
     292     0.00014380
     293     0.00014531
     294     0.00014641
     295     0.00014693
     296     0.00014694
     297     0.00014665
     298     0.00014598
     299     0.00014487
     300     0.00014336