#    Averaged electronic coherence
       0     0.00000000
       1     0.00000007
       2     0.00000002
       3     0.00000004
       4     0.00000004
       5     0.00000001
       6     0.00000005
       7     0.00000001
       8     0.00000004
       9     0.00000002
      10     0.00000003
      11     0.00000002
      12     0.00003432
      13     0.00005079
      14     0.00003597
      15     0.00007059
      16     0.00002670
      17     0.00006793
      18     0.00004405
      19     0.00005114
      20     0.00009986
      21     0.00002857
      22     0.00008034
      23     0.00007987
      24     0.00003222
      25     0.00008767
      26     0.00007517
      27     0.00003923
      28     0.00007933
      29     0.00008258
      30     0.00004950
      31     0.00006140
      32     0.00008426
      33     0.00007141
      34     0.00008265
      35     0.00013625
      36     0.00010874
      37     0.00012111
      38     0.00011037
      39     0.00008237
      40     0.00012998
      41     0.00013980
      42     0.00007886
      43     0.00008933
      44     0.00013585
      45     0.00011814
      46     0.00009499
      47     0.00010408
      48     0.00010244
      49     0.00010291
      50     0.00012271
      51     0.00011701
      52     0.00008284
      53     0.00008171
      54     0.00012002
      55     0.00013338
      56     0.00009979
      57     0.00007200
      58     0.00008882
      59     0.00012157
      60     0.00012480
      61     0.00009839
      62     0.00007836
      63     0.00008664
      64     0.00010941
      65     0.00011955
      66     0.00010765
      67     0.00008864
      68     0.00008258
      69     0.00009418
      70     0.00011080
      71     0.00011602
      72     0.00010530
      73     0.00009001
      74     0.00008481
      75     0.00009284
      76     0.00010568
      77     0.00011306
      78     0.00011130
      79     0.00010545
      80     0.00010260
      81     0.00010324
      82     0.00010368
      83     0.00010356
      84     0.00010431
      85     0.00010468
      86     0.00010407
      87     0.00010575
      88     0.00011492
      89     0.00013765
      90     0.00017968
      91     0.00024298
      92     0.00032860
      93     0.00044690
      94     0.00062463
      95     0.00090984
      96     0.00139314
      97     0.00226640
      98     0.00393055
      99     0.00713572
     100     0.01297638
     101     0.02215021
     102     0.03322981
     103     0.04332799
     104     0.04877198
     105     0.05004814
     106     0.04997148
     107     0.04954917
     108     0.04883470
     109     0.04742958
     110     0.04458832
     111     0.03928600
     112     0.03211593
     113     0.02548919
     114     0.02045098
     115     0.01807049
     116     0.02375939
     117     0.06412525
     118     0.04854498
     119     0.04447426
     120     0.05394563
     121     0.05877975
     122     0.05724890
     123     0.05395903
     124     0.05138680
     125     0.04973556
     126     0.04859015
     127     0.04610416
     128     0.04641473
     129     0.04720238
     130     0.04852193
     131     0.05054094
     132     0.05342956
     133     0.05708824
     134     0.06101072
     135     0.06456514
     136     0.06742328
     137     0.06774407
     138     0.07060195
     139     0.07470201
     140     0.08143039
     141     0.09084488
     142     0.10224458
     143     0.11136755
     144     0.11683805
     145     0.12164198
     146     0.12641513
     147     0.12958997
     148     0.12995196
     149     0.12738070
     150     0.12193272
     151     0.11501877
     152     0.10940914
     153     0.10573976
     154     0.10365689
     155     0.10255768
     156     0.10171535
     157     0.10038518
     158     0.09828384
     159     0.09488786
     160     0.09072869
     161     0.08736895
     162     0.08505370
     163     0.08318062
     164     0.08069855
     165     0.07604532
     166     0.06694084
     167     0.05911033
     168     0.05249900
     169     0.04671779
     170     0.04095404
     171     0.03213190
     172     0.02285884
     173     0.01754898
     174     0.01898701
     175     0.03343533
     176     0.06991682
     177     0.09513971
     178     0.09458018
     179     0.08395412
     180     0.07419342
     181     0.06604903
     182     0.05713753
     183     0.04682158
     184     0.03687887
     185     0.02879093
     186     0.02246784
     187     0.01751587
     188     0.01370196
     189     0.01083892
     190     0.00884217
     191     0.00725071
     192     0.00573677
     193     0.00313727
     194     0.00306580
     195     0.00299692
     196     0.00248692
     197     0.00004146
     198     0.00009171
     199     0.00015832
     200     0.00011943
     201     0.00004994
     202     0.00011043
     203     0.00015899
     204     0.00009399
     205     0.00012653
     206     0.00021380
     207     0.00019364
     208     0.00026970
     209     0.00017405
     210     0.00016481
     211     0.00016345
     212     0.00012660
     213     0.00025023
     214     0.00011488
     215     0.00008771
     216     0.00013515
     217     0.00006796
     218     0.00010439
     219     0.00009120
     220     0.00008109
     221     0.00010080
     222     0.00007823
     223     0.00009630
     224     0.00008473
     225     0.00008883
     226     0.00009063
     227     0.00008458
     228     0.00009264
     229     0.00008421
     230     0.00009161
     231     0.00008594
     232     0.00008951
     233     0.00008796
     234     0.00008772
     235     0.00008937
     236     0.00008666
     237     0.00009010
     238     0.00008620
     239     0.00009029
     240     0.00008634
     241     0.00008977
     242     0.00008729
     243     0.00008840
     244     0.00008899
     245     0.00008662
     246     0.00009056
     247     0.00008563
     248     0.00009070
     249     0.00008651
     250     0.00008895
     251     0.00008882
     252     0.00008670
     253     0.00009045
     254     0.00008617
     255     0.00008980
     256     0.00008770
     257     0.00008803
     258     0.00008895
     259     0.00008778
     260     0.00008817
     261     0.00008898
     262     0.00008738
     263     0.00008852
     264     0.00008923
     265     0.00008588
     266     0.00009146
     267     0.00008532
     268     0.00008974
     269     0.00008910
     270     0.00008527
     271     0.00009271
     272     0.00008399
     273     0.00009127
     274     0.00008765
     275     0.00008682
     276     0.00009135
     277     0.00008498
     278     0.00009108
     279     0.00008669
     280     0.00008898
     281     0.00008824
     282     0.00008827
     283     0.00008854
     284     0.00008774
     285     0.00008985
     286     0.00008593
     287     0.00009158
     288     0.00008539
     289     0.00009042
     290     0.00008834
     291     0.00008657
     292     0.00009200
     293     0.00008426
     294     0.00009236
     295     0.00008580
     296     0.00008960
     297     0.00008891
     298     0.00008685
     299     0.00009087
     300     0.00008561