Geometry
 S  16.0   0.00000000  -0.00000100   0.08701700  31.97207100 
 O   8.0   0.00000000  -2.34265900   1.46827200  15.99491500 
 O   8.0   0.00000000   2.34266000   1.46827200  15.99491500 
Frequencies
  0.0000000000  0.0000000000  0.0000000000  0.0000000000  0.0000000000  0.0000000000  0.0023790452  0.0053594812  0.0062570338
Mass-weighted normal modes
  0.0000000000  0.0000000000  0.0000000000  0.0000000000  0.0000000000  0.0000000000  0.0000000000  0.0000000000  0.0000000000
  0.0000000000  0.0000000000  0.0000000000  0.0000000000  0.0000000000  0.0000000000  0.0000000000 -0.0000080029 -0.6518265358
  0.0000000000  0.0000000000  0.0000000000  0.0000000000  0.0000000000  0.0000000000 -0.5277374922 -0.4691268177  0.0000050191
  0.0000000000  0.0000000000  0.0000000000  0.0000000000  0.0000000000  0.0000000000  0.0000000000 -0.0000000000 -0.0000000000
  0.0000000000  0.0000000000  0.0000000000  0.0000000000  0.0000000000  0.0000000000  0.4699737764 -0.5286071564  0.4619388912
  0.0000000000  0.0000000000  0.0000000000  0.0000000000  0.0000000000  0.0000000000  0.3739940724  0.3324554442 -0.2723634878
  0.0000000000  0.0000000000  0.0000000000  0.0000000000  0.0000000000  0.0000000000 -0.0000000000 -0.0000000000  0.0000000000
  0.0000000000  0.0000000000  0.0000000000  0.0000000000  0.0000000000  0.0000000000 -0.4699737764  0.5286184773  0.4619255785
  0.0000000000  0.0000000000  0.0000000000  0.0000000000  0.0000000000  0.0000000000  0.3739931445  0.3324611047  0.2723555002
