Run semi-empirical minimization
 &qmmm
    qm_theory='AM1', grms_tol=0.0005,
 scfconv=1.d-10, ndiis_attempts=700,   qmcharge=0,
 /
   6     C        1.5390        0.0410       -0.0220 
   6    C1        4.9390        1.2110        0.0230 
   6    C2        0.7820        1.2250       -0.0180 
   6    C3        5.6570        2.4160        0.0140 
   6    C4       -0.6140        1.2100       -0.0110 
   6    C5        7.0580        2.4540        0.0450 
   6    C6       -1.2750       -0.0180       -0.0070 
   6    C7        7.7900        1.2730        0.1240 
   6    C8       -0.5600       -1.2180       -0.0110 
   6    C9        7.1040        0.0600        0.0940 
   6   C10        0.8340       -1.1720       -0.0180 
   6   C11        5.7040        0.0360        0.0620 
   7     N        2.8910       -0.0240       -0.0250 
   7    N1        3.5850        1.2740       -0.0170 
   1     H        1.3120        2.1750       -0.0190 
   1    H1        5.0920        3.3440       -0.0310 
   1    H2       -1.1410        2.1560       -0.0070 
   1    H3        7.5590        3.4130        0.0090 
   7    N2       -2.7370       -0.0510        0.0020 
   8     O       -3.3030       -1.1590        0.0060 
   8    O1       -3.3550        1.0280        0.0050 
   1    H4        9.3760        1.4290       -1.0250 
   1    H5        9.5800        0.4130        0.2700 
   7    N3        9.2010        1.3060       -0.0300 
   1    H6       -1.0500       -2.1840       -0.0070 
   1    H7        7.6270       -0.8880        0.0880 
   1    H8        1.4120       -2.0940       -0.0200 
   1    H9        5.1810       -0.9170        0.0520 

