# k =  0.00000000E+00  0.00000000E+00  0.00000000E+00 spin= 1
 # n1 <i|Sigma_ch|i> (eV), partial sum
 #      nbands   ch(vbm)          ch(cbm)           diff        converged
       1 -0.12544482E+01 -0.15503132E+01 -0.29586500E+00  0.34281905E+01
       2 -0.20987531E+01 -0.23714255E+01 -0.27267239E+00  0.34281905E+01
       3 -0.41984825E+01 -0.26065974E+01  0.15918851E+01  0.34281905E+01
       4 -0.76478050E+01 -0.28068014E+01  0.48410037E+01  0.34281905E+01
       5 -0.79616839E+01 -0.56197868E+01  0.23418971E+01  0.34281905E+01
       6 -0.81593165E+01 -0.61455589E+01  0.20137577E+01  0.34281905E+01
       7 -0.83265011E+01 -0.64173572E+01  0.19091438E+01  0.34281905E+01
       8 -0.85832178E+01 -0.65889374E+01  0.19942805E+01  0.34281905E+01
       9 -0.87107527E+01 -0.67503359E+01  0.19604168E+01  0.34281905E+01
      10 -0.88341316E+01 -0.68453012E+01  0.19888303E+01  0.34281905E+01
      11 -0.88923781E+01 -0.69494664E+01  0.19429116E+01  0.34281905E+01
      12 -0.89512788E+01 -0.70250739E+01  0.19262049E+01  0.34281905E+01
      13 -0.91282664E+01 -0.70925593E+01  0.20357071E+01  0.34281905E+01
      14 -0.91837278E+01 -0.71374856E+01  0.20462422E+01  0.34281905E+01
      15 -0.92528636E+01 -0.71755131E+01  0.20773504E+01  0.34281905E+01
      16 -0.93298307E+01 -0.72098537E+01  0.21199770E+01  0.34281905E+01
      17 -0.93835210E+01 -0.72452422E+01  0.21382788E+01  0.34281905E+01
      18 -0.94493762E+01 -0.72892629E+01  0.21601133E+01  0.34281905E+01
      19 -0.95209435E+01 -0.73307284E+01  0.21902151E+01  0.34281905E+01
      20 -0.96009519E+01 -0.73555153E+01  0.22454366E+01  0.34281905E+01
      21 -0.96290170E+01 -0.73748807E+01  0.22541363E+01  0.34281905E+01
      22 -0.96677669E+01 -0.73910100E+01  0.22767568E+01  0.34281905E+01
      23 -0.97052517E+01 -0.74144903E+01  0.22907615E+01  0.34281905E+01
      24 -0.97540443E+01 -0.74383506E+01  0.23156937E+01  0.34281905E+01
      25 -0.97991155E+01 -0.74577235E+01  0.23413919E+01  0.34281905E+01
      26 -0.98467611E+01 -0.74826485E+01  0.23641127E+01  0.34281905E+01
      27 -0.98861525E+01 -0.75043061E+01  0.23818465E+01  0.34281905E+01
      28 -0.99148766E+01 -0.75146625E+01  0.24002142E+01  0.34281905E+01
      29 -0.99550412E+01 -0.75342731E+01  0.24207680E+01  0.34281905E+01
      30 -0.99988637E+01 -0.75612869E+01  0.24375767E+01  0.34281905E+01
      31 -0.10059312E+02 -0.75810756E+01  0.24782367E+01  0.34281905E+01
      32 -0.10093460E+02 -0.76045636E+01  0.24888959E+01  0.34281905E+01
      33 -0.10123155E+02 -0.76269726E+01  0.24961827E+01  0.34281905E+01
      34 -0.10148495E+02 -0.76370420E+01  0.25114528E+01  0.34281905E+01
      35 -0.10182817E+02 -0.76527033E+01  0.25301137E+01  0.34281905E+01
      36 -0.10213365E+02 -0.76684213E+01  0.25449441E+01  0.34281905E+01
      37 -0.10236241E+02 -0.76812010E+01  0.25550405E+01  0.34281905E+01
      38 -0.10299642E+02 -0.77152392E+01  0.25844026E+01  0.34281905E+01
      39 -0.10344219E+02 -0.77295466E+01  0.26146727E+01  0.34281905E+01
      40 -0.10381081E+02 -0.77463265E+01  0.26347546E+01  0.34281905E+01
      41 -0.10414800E+02 -0.77648989E+01  0.26499011E+01  0.34281905E+01
      42 -0.10455001E+02 -0.77818030E+01  0.26731981E+01  0.34281905E+01
      43 -0.10515761E+02 -0.78147112E+01  0.27010502E+01  0.34281905E+01
      44 -0.10545039E+02 -0.78259299E+01  0.27191095E+01  0.34281905E+01
      45 -0.10572557E+02 -0.78419228E+01  0.27306341E+01  0.34281905E+01
      46 -0.10614358E+02 -0.78598225E+01  0.27545353E+01  0.34281905E+01
      47 -0.10648136E+02 -0.78709935E+01  0.27771425E+01  0.34281905E+01
      48 -0.10672612E+02 -0.78816608E+01  0.27909511E+01  0.34281905E+01
      49 -0.10715931E+02 -0.79020853E+01  0.28138456E+01  0.34281905E+01
      50 -0.10743854E+02 -0.79147046E+01  0.28291497E+01  0.34281905E+01
      51 -0.10795336E+02 -0.79307586E+01  0.28645774E+01  0.34281905E+01
      52 -0.10817636E+02 -0.79399911E+01  0.28776446E+01  0.34281905E+01
      53 -0.10853245E+02 -0.79593839E+01  0.28938608E+01  0.34281905E+01
      54 -0.10878485E+02 -0.79688211E+01  0.29096641E+01  0.34281905E+01
      55 -0.10907388E+02 -0.79797217E+01  0.29276666E+01  0.34281905E+01
      56 -0.10933158E+02 -0.79907336E+01  0.29424242E+01  0.34281905E+01
      57 -0.10951443E+02 -0.80013046E+01  0.29501382E+01  0.34281905E+01
      58 -0.10964955E+02 -0.80062722E+01  0.29586830E+01  0.34281905E+01
      59 -0.10985422E+02 -0.80150242E+01  0.29703980E+01  0.34281905E+01
      60 -0.11006783E+02 -0.80245439E+01  0.29822390E+01  0.34281905E+01
      61 -0.11032539E+02 -0.80345668E+01  0.29979725E+01  0.34281905E+01
      62 -0.11048106E+02 -0.80427808E+01  0.30053252E+01  0.34281905E+01
      63 -0.11059543E+02 -0.80473397E+01  0.30122031E+01  0.34281905E+01
      64 -0.11074494E+02 -0.80567361E+01  0.30177575E+01  0.34281905E+01
      65 -0.11094951E+02 -0.80644075E+01  0.30305434E+01  0.34281905E+01
      66 -0.11114824E+02 -0.80719671E+01  0.30428570E+01  0.34281905E+01
      67 -0.11129374E+02 -0.80779249E+01  0.30514493E+01  0.34281905E+01
      68 -0.11146845E+02 -0.80850419E+01  0.30618033E+01  0.34281905E+01
      69 -0.11160616E+02 -0.80908309E+01  0.30697852E+01  0.34281905E+01
      70 -0.11173909E+02 -0.80972171E+01  0.30766917E+01  0.34281905E+01
      71 -0.11184911E+02 -0.81030985E+01  0.30818122E+01  0.34281905E+01
      72 -0.11201517E+02 -0.81144469E+01  0.30870701E+01  0.34281905E+01
      73 -0.11214411E+02 -0.81211713E+01  0.30932394E+01  0.34281905E+01
      74 -0.11224055E+02 -0.81256523E+01  0.30984023E+01  0.34281905E+01
      75 -0.11234612E+02 -0.81302056E+01  0.31044064E+01  0.34281905E+01
      76 -0.11243621E+02 -0.81333842E+01  0.31102372E+01  0.34281905E+01
      77 -0.11256826E+02 -0.81382550E+01  0.31185710E+01  0.34281905E+01
      78 -0.11272919E+02 -0.81452732E+01  0.31276453E+01  0.34281905E+01
      79 -0.11282900E+02 -0.81496331E+01  0.31332666E+01  0.34281905E+01
      80 -0.11291945E+02 -0.81537374E+01  0.31382078E+01  0.34281905E+01
      81 -0.11301874E+02 -0.81577642E+01  0.31441097E+01  0.34281905E+01
      82 -0.11309570E+02 -0.81619459E+01  0.31476244E+01  0.34281905E+01
      83 -0.11321337E+02 -0.81662742E+01  0.31550629E+01  0.34281905E+01
      84 -0.11332740E+02 -0.81704927E+01  0.31622470E+01  0.34281905E+01
      85 -0.11338591E+02 -0.81732896E+01  0.31653009E+01  0.34281905E+01
      86 -0.11345839E+02 -0.81770939E+01  0.31687451E+01  0.34281905E+01
      87 -0.11355334E+02 -0.81803478E+01  0.31749858E+01  0.34281905E+01
      88 -0.11363481E+02 -0.81840334E+01  0.31794474E+01  0.34281905E+01
      89 -0.11369997E+02 -0.81861797E+01  0.31838172E+01  0.34281905E+01
      90 -0.11380573E+02 -0.81907191E+01  0.31898543E+01  0.34281905E+01
      91 -0.11386396E+02 -0.81933369E+01  0.31930589E+01  0.34281905E+01
      92 -0.11395818E+02 -0.81974282E+01  0.31983897E+01  0.34281905E+01
      93 -0.11401339E+02 -0.81998874E+01  0.32014516E+01  0.34281905E+01
      94 -0.11408062E+02 -0.82028414E+01  0.32052205E+01  0.34281905E+01
      95 -0.11415527E+02 -0.82059003E+01  0.32096264E+01  0.34281905E+01
      96 -0.11419602E+02 -0.82086309E+01  0.32109715E+01  0.34281905E+01
      97 -0.11427746E+02 -0.82121921E+01  0.32155540E+01  0.34281905E+01
      98 -0.11433519E+02 -0.82143630E+01  0.32191555E+01  0.34281905E+01
      99 -0.11437377E+02 -0.82156860E+01  0.32216914E+01  0.34281905E+01
     100 -0.11443756E+02 -0.82180277E+01  0.32257283E+01  0.34281905E+01
     101 -0.11448849E+02 -0.82199759E+01  0.32288727E+01  0.34281905E+01
     102 -0.11455045E+02 -0.82232056E+01  0.32318394E+01  0.34281905E+01
     103 -0.11461412E+02 -0.82253713E+01  0.32360411E+01  0.34281905E+01
     104 -0.11465874E+02 -0.82271324E+01  0.32387420E+01  0.34281905E+01
     105 -0.11472672E+02 -0.82302327E+01  0.32424392E+01  0.34281905E+01
     106 -0.11477302E+02 -0.82322193E+01  0.32450829E+01  0.34281905E+01
     107 -0.11481701E+02 -0.82337884E+01  0.32479130E+01  0.34281905E+01
     108 -0.11485939E+02 -0.82355396E+01  0.32503995E+01  0.34281905E+01
     109 -0.11491224E+02 -0.82374290E+01  0.32537951E+01  0.34281905E+01
     110 -0.11496737E+02 -0.82393705E+01  0.32573660E+01  0.34281905E+01
     111 -0.11501451E+02 -0.82413219E+01  0.32601292E+01  0.34281905E+01
     112 -0.11506656E+02 -0.82431755E+01  0.32634810E+01  0.34281905E+01
     113 -0.11510106E+02 -0.82446926E+01  0.32654138E+01  0.34281905E+01
     114 -0.11514095E+02 -0.82459165E+01  0.32681785E+01  0.34281905E+01
     115 -0.11518047E+02 -0.82472590E+01  0.32707875E+01  0.34281905E+01
     116 -0.11522144E+02 -0.82489448E+01  0.32731996E+01  0.34281905E+01
     117 -0.11525758E+02 -0.82501624E+01  0.32755957E+01  0.34281905E+01
     118 -0.11529552E+02 -0.82517856E+01  0.32777663E+01  0.34281905E+01
     119 -0.11534151E+02 -0.82533428E+01  0.32808080E+01  0.34281905E+01
     120 -0.11537355E+02 -0.82544267E+01  0.32829285E+01  0.34281905E+01
     121 -0.11540852E+02 -0.82557752E+01  0.32850768E+01  0.34281905E+01
     122 -0.11544687E+02 -0.82570493E+01  0.32876380E+01  0.34281905E+01
     123 -0.11547062E+02 -0.82581064E+01  0.32889551E+01  0.34281905E+01
     124 -0.11550768E+02 -0.82593539E+01  0.32914141E+01  0.34281905E+01
     125 -0.11554430E+02 -0.82607460E+01  0.32936843E+01  0.34281905E+01
     126 -0.11557410E+02 -0.82618443E+01  0.32955657E+01  0.34281905E+01
     127 -0.11561166E+02 -0.82630684E+01  0.32980971E+01  0.34281905E+01
     128 -0.11564192E+02 -0.82640913E+01  0.33001011E+01  0.34281905E+01
     129 -0.11566516E+02 -0.82650299E+01  0.33014866E+01  0.34281905E+01
     130 -0.11569627E+02 -0.82661611E+01  0.33034664E+01  0.34281905E+01
     131 -0.11572054E+02 -0.82669689E+01  0.33050856E+01  0.34281905E+01
     132 -0.11575129E+02 -0.82679541E+01  0.33071753E+01  0.34281905E+01
     133 -0.11578314E+02 -0.82690347E+01  0.33092794E+01  0.34281905E+01
     134 -0.11581084E+02 -0.82699013E+01  0.33111824E+01  0.34281905E+01
     135 -0.11583025E+02 -0.82706477E+01  0.33123768E+01  0.34281905E+01
     136 -0.11585432E+02 -0.82713723E+01  0.33140600E+01  0.34281905E+01
     137 -0.11588178E+02 -0.82722524E+01  0.33159261E+01  0.34281905E+01
     138 -0.11590469E+02 -0.82729836E+01  0.33174856E+01  0.34281905E+01
     139 -0.11593015E+02 -0.82739537E+01  0.33190611E+01  0.34281905E+01
     140 -0.11594852E+02 -0.82747603E+01  0.33200918E+01  0.34281905E+01
     141 -0.11598515E+02 -0.82759367E+01  0.33225785E+01  0.34281905E+01
     142 -0.11600736E+02 -0.82765925E+01  0.33241433E+01  0.34281905E+01
     143 -0.11603762E+02 -0.82776000E+01  0.33261622E+01  0.34281905E+01
     144 -0.11605970E+02 -0.82784301E+01  0.33275400E+01  0.34281905E+01
     145 -0.11607779E+02 -0.82790623E+01  0.33287170E+01  0.34281905E+01
     146 -0.11609996E+02 -0.82797460E+01  0.33302503E+01  0.34281905E+01
     147 -0.11611610E+02 -0.82802868E+01  0.33313229E+01  0.34281905E+01
     148 -0.11613772E+02 -0.82809706E+01  0.33328012E+01  0.34281905E+01
     149 -0.11615328E+02 -0.82816003E+01  0.33337277E+01  0.34281905E+01
     150 -0.11617921E+02 -0.82824285E+01  0.33354927E+01  0.34281905E+01
     151 -0.11619785E+02 -0.82829760E+01  0.33368089E+01  0.34281905E+01
     152 -0.11621716E+02 -0.82836796E+01  0.33380361E+01  0.34281905E+01
     153 -0.11623510E+02 -0.82842695E+01  0.33392407E+01  0.34281905E+01
     154 -0.11625135E+02 -0.82849256E+01  0.33402099E+01  0.34281905E+01
     155 -0.11627428E+02 -0.82855945E+01  0.33418339E+01  0.34281905E+01
     156 -0.11628846E+02 -0.82860239E+01  0.33428220E+01  0.34281905E+01
     157 -0.11630244E+02 -0.82864525E+01  0.33437916E+01  0.34281905E+01
     158 -0.11632272E+02 -0.82871797E+01  0.33450925E+01  0.34281905E+01
     159 -0.11633814E+02 -0.82876463E+01  0.33461679E+01  0.34281905E+01
     160 -0.11636263E+02 -0.82885544E+01  0.33477084E+01  0.34281905E+01
     161 -0.11637863E+02 -0.82890749E+01  0.33487877E+01  0.34281905E+01
     162 -0.11639406E+02 -0.82895972E+01  0.33498086E+01  0.34281905E+01
     163 -0.11640295E+02 -0.82898992E+01  0.33503957E+01  0.34281905E+01
     164 -0.11641663E+02 -0.82903019E+01  0.33513607E+01  0.34281905E+01
     165 -0.11642974E+02 -0.82907259E+01  0.33522482E+01  0.34281905E+01
     166 -0.11645098E+02 -0.82912735E+01  0.33538243E+01  0.34281905E+01
     167 -0.11646682E+02 -0.82917341E+01  0.33549483E+01  0.34281905E+01
     168 -0.11647882E+02 -0.82922049E+01  0.33556770E+01  0.34281905E+01
     169 -0.11649475E+02 -0.82927842E+01  0.33566909E+01  0.34281905E+01
     170 -0.11650855E+02 -0.82932460E+01  0.33576087E+01  0.34281905E+01
     171 -0.11652147E+02 -0.82936410E+01  0.33585060E+01  0.34281905E+01
     172 -0.11653552E+02 -0.82940158E+01  0.33595358E+01  0.34281905E+01
     173 -0.11654542E+02 -0.82943703E+01  0.33601713E+01  0.34281905E+01
     174 -0.11655762E+02 -0.82946997E+01  0.33610627E+01  0.34281905E+01
     175 -0.11656680E+02 -0.82950646E+01  0.33616154E+01  0.34281905E+01
     176 -0.11657704E+02 -0.82953874E+01  0.33623171E+01  0.34281905E+01
     177 -0.11659211E+02 -0.82958769E+01  0.33633345E+01  0.34281905E+01
     178 -0.11660741E+02 -0.82963036E+01  0.33644372E+01  0.34281905E+01
     179 -0.11661878E+02 -0.82965914E+01  0.33652866E+01  0.34281905E+01
     180 -0.11663652E+02 -0.82970468E+01  0.33666055E+01  0.34281905E+01
     181 -0.11664844E+02 -0.82973273E+01  0.33675170E+01  0.34281905E+01
     182 -0.11665787E+02 -0.82975854E+01  0.33682016E+01  0.34281905E+01
     183 -0.11667455E+02 -0.82980045E+01  0.33694504E+01  0.34281905E+01
     184 -0.11668282E+02 -0.82982234E+01  0.33700588E+01  0.34281905E+01
     185 -0.11669629E+02 -0.82985570E+01  0.33710718E+01  0.34281905E+01
     186 -0.11670572E+02 -0.82988146E+01  0.33717574E+01  0.34281905E+01
     187 -0.11672150E+02 -0.82991428E+01  0.33730077E+01  0.34281905E+01
     188 -0.11673770E+02 -0.82994731E+01  0.33742969E+01  0.34281905E+01
     189 -0.11674834E+02 -0.82997485E+01  0.33750855E+01  0.34281905E+01
     190 -0.11675724E+02 -0.83000377E+01  0.33756863E+01  0.34281905E+01
     191 -0.11676895E+02 -0.83003126E+01  0.33765821E+01  0.34281905E+01
     192 -0.11677687E+02 -0.83005655E+01  0.33771213E+01  0.34281905E+01
     193 -0.11678364E+02 -0.83007321E+01  0.33776324E+01  0.34281905E+01
     194 -0.11679463E+02 -0.83010200E+01  0.33784431E+01  0.34281905E+01
     195 -0.11680425E+02 -0.83012785E+01  0.33791468E+01  0.34281905E+01
     196 -0.11681766E+02 -0.83015563E+01  0.33802101E+01  0.34281905E+01
     197 -0.11682535E+02 -0.83017305E+01  0.33808048E+01  0.34281905E+01
     198 -0.11683534E+02 -0.83019471E+01  0.33815871E+01  0.34281905E+01
     199 -0.11684462E+02 -0.83022024E+01  0.33822596E+01  0.34281905E+01
     200 -0.11685224E+02 -0.83024276E+01  0.33827962E+01  0.34281905E+01
     201 -0.11686201E+02 -0.83026463E+01  0.33835550E+01  0.34281905E+01
     202 -0.11687228E+02 -0.83028670E+01  0.33843606E+01  0.34281905E+01
     203 -0.11688107E+02 -0.83030749E+01  0.33850326E+01  0.34281905E+01
     204 -0.11688555E+02 -0.83031957E+01  0.33853594E+01  0.34281905E+01
     205 -0.11689452E+02 -0.83033731E+01  0.33860788E+01  0.34281905E+01
     206 -0.11690126E+02 -0.83035252E+01  0.33866011E+01  0.34281905E+01
     207 -0.11690881E+02 -0.83036946E+01  0.33871865E+01  0.34281905E+01
     208 -0.11691588E+02 -0.83038482E+01  0.33877394E+01  0.34281905E+01
     209 -0.11692492E+02 -0.83040650E+01  0.33884267E+01  0.34281905E+01
     210 -0.11693732E+02 -0.83043491E+01  0.33893829E+01  0.34281905E+01
     211 -0.11694293E+02 -0.83044944E+01  0.33897988E+01  0.34281905E+01
     212 -0.11694968E+02 -0.83046611E+01  0.33903068E+01  0.34281905E+01
     213 -0.11695577E+02 -0.83047989E+01  0.33907783E+01  0.34281905E+01
     214 -0.11696153E+02 -0.83049263E+01  0.33912266E+01  0.34281905E+01
     215 -0.11696888E+02 -0.83051029E+01  0.33917851E+01  0.34281905E+01
     216 -0.11697401E+02 -0.83052145E+01  0.33921861E+01  0.34281905E+01
     217 -0.11697985E+02 -0.83053453E+01  0.33926400E+01  0.34281905E+01
     218 -0.11698554E+02 -0.83054846E+01  0.33930697E+01  0.34281905E+01
     219 -0.11699280E+02 -0.83056470E+01  0.33936332E+01  0.34281905E+01
     220 -0.11699898E+02 -0.83057697E+01  0.33941286E+01  0.34281905E+01
     221 -0.11700686E+02 -0.83059224E+01  0.33947632E+01  0.34281905E+01
     222 -0.11701179E+02 -0.83060238E+01  0.33951549E+01  0.34281905E+01
     223 -0.11701841E+02 -0.83061390E+01  0.33957018E+01  0.34281905E+01
     224 -0.11702382E+02 -0.83062609E+01  0.33961207E+01  0.34281905E+01
     225 -0.11702844E+02 -0.83063548E+01  0.33964895E+01  0.34281905E+01
     226 -0.11703327E+02 -0.83064546E+01  0.33968721E+01  0.34281905E+01
     227 -0.11703786E+02 -0.83065490E+01  0.33972373E+01  0.34281905E+01
     228 -0.11704305E+02 -0.83066635E+01  0.33976416E+01  0.34281905E+01
     229 -0.11704568E+02 -0.83067305E+01  0.33978375E+01  0.34281905E+01
     230 -0.11705356E+02 -0.83069003E+01  0.33984559E+01  0.34281905E+01
     231 -0.11705734E+02 -0.83069749E+01  0.33987589E+01  0.34281905E+01
     232 -0.11706296E+02 -0.83070991E+01  0.33991971E+01  0.34281905E+01
     233 -0.11706812E+02 -0.83072104E+01  0.33996019E+01  0.34281905E+01
     234 -0.11707252E+02 -0.83072995E+01  0.33999522E+01  0.34281905E+01
     235 -0.11707652E+02 -0.83074059E+01  0.34002465E+01  0.34281905E+01
     236 -0.11707943E+02 -0.83074727E+01  0.34004706E+01  0.34281905E+01
     237 -0.11708385E+02 -0.83075549E+01  0.34008303E+01  0.34281905E+01
     238 -0.11708747E+02 -0.83076504E+01  0.34010971E+01  0.34281905E+01
     239 -0.11709144E+02 -0.83077444E+01  0.34013996E+01  0.34281905E+01
     240 -0.11709540E+02 -0.83078236E+01  0.34017163E+01  0.34281905E+01
     241 -0.11709902E+02 -0.83079240E+01  0.34019778E+01  0.34281905E+01
     242 -0.11710502E+02 -0.83080387E+01  0.34024631E+01  0.34281905E+01
     243 -0.11710864E+02 -0.83081149E+01  0.34027489E+01  0.34281905E+01
     244 -0.11711165E+02 -0.83081884E+01  0.34029765E+01  0.34281905E+01
     245 -0.11711502E+02 -0.83082577E+01  0.34032440E+01  0.34281905E+01
     246 -0.11711790E+02 -0.83083231E+01  0.34034670E+01  0.34281905E+01
     247 -0.11712129E+02 -0.83083980E+01  0.34037313E+01  0.34281905E+01
     248 -0.11712447E+02 -0.83084774E+01  0.34039691E+01  0.34281905E+01
     249 -0.11712667E+02 -0.83085392E+01  0.34041282E+01  0.34281905E+01
     250 -0.11713047E+02 -0.83086351E+01  0.34044117E+01  0.34281905E+01
     251 -0.11713400E+02 -0.83087492E+01  0.34046509E+01  0.34281905E+01
     252 -0.11713697E+02 -0.83088421E+01  0.34048552E+01  0.34281905E+01
     253 -0.11714032E+02 -0.83089487E+01  0.34050831E+01  0.34281905E+01
     254 -0.11714704E+02 -0.83090795E+01  0.34056246E+01  0.34281905E+01
     255 -0.11715000E+02 -0.83091817E+01  0.34058179E+01  0.34281905E+01
     256 -0.11715338E+02 -0.83092900E+01  0.34060482E+01  0.34281905E+01
     257 -0.11715738E+02 -0.83094162E+01  0.34063217E+01  0.34281905E+01
     258 -0.11715964E+02 -0.83094874E+01  0.34064763E+01  0.34281905E+01
     259 -0.11716259E+02 -0.83095887E+01  0.34066701E+01  0.34281905E+01
     260 -0.11716413E+02 -0.83096397E+01  0.34067731E+01  0.34281905E+01
     261 -0.11716832E+02 -0.83097402E+01  0.34070913E+01  0.34281905E+01
     262 -0.11717053E+02 -0.83097995E+01  0.34072538E+01  0.34281905E+01
     263 -0.11717302E+02 -0.83098754E+01  0.34074263E+01  0.34281905E+01
     264 -0.11717595E+02 -0.83099638E+01  0.34076308E+01  0.34281905E+01
     265 -0.11717856E+02 -0.83100312E+01  0.34078243E+01  0.34281905E+01
     266 -0.11718181E+02 -0.83101077E+01  0.34080736E+01  0.34281905E+01
     267 -0.11718540E+02 -0.83102009E+01  0.34083391E+01  0.34281905E+01
     268 -0.11718702E+02 -0.83102550E+01  0.34084470E+01  0.34281905E+01
     269 -0.11718894E+02 -0.83103130E+01  0.34085809E+01  0.34281905E+01
     270 -0.11719079E+02 -0.83103704E+01  0.34087085E+01  0.34281905E+01
     271 -0.11719274E+02 -0.83104280E+01  0.34088461E+01  0.34281905E+01
     272 -0.11719535E+02 -0.83104915E+01  0.34090432E+01  0.34281905E+01
     273 -0.11719733E+02 -0.83105474E+01  0.34091860E+01  0.34281905E+01
     274 -0.11719884E+02 -0.83106015E+01  0.34092822E+01  0.34281905E+01
     275 -0.11720067E+02 -0.83106508E+01  0.34094160E+01  0.34281905E+01
     276 -0.11720223E+02 -0.83106977E+01  0.34095250E+01  0.34281905E+01
     277 -0.11720446E+02 -0.83107537E+01  0.34096920E+01  0.34281905E+01
     278 -0.11720634E+02 -0.83108069E+01  0.34098274E+01  0.34281905E+01
     279 -0.11720842E+02 -0.83108599E+01  0.34099820E+01  0.34281905E+01
     280 -0.11721023E+02 -0.83109062E+01  0.34101164E+01  0.34281905E+01
     281 -0.11721223E+02 -0.83109615E+01  0.34102615E+01  0.34281905E+01
     282 -0.11721377E+02 -0.83109932E+01  0.34103841E+01  0.34281905E+01
     283 -0.11721518E+02 -0.83110306E+01  0.34104871E+01  0.34281905E+01
     284 -0.11721665E+02 -0.83110651E+01  0.34105999E+01  0.34281905E+01
     285 -0.11721882E+02 -0.83111012E+01  0.34107804E+01  0.34281905E+01
     286 -0.11721997E+02 -0.83111309E+01  0.34108660E+01  0.34281905E+01
     287 -0.11722147E+02 -0.83111641E+01  0.34109830E+01  0.34281905E+01
     288 -0.11722264E+02 -0.83112006E+01  0.34110632E+01  0.34281905E+01
     289 -0.11722456E+02 -0.83112345E+01  0.34112220E+01  0.34281905E+01
     290 -0.11722669E+02 -0.83112907E+01  0.34113786E+01  0.34281905E+01
     291 -0.11722844E+02 -0.83113330E+01  0.34115105E+01  0.34281905E+01
     292 -0.11722998E+02 -0.83113786E+01  0.34116199E+01  0.34281905E+01
     293 -0.11723104E+02 -0.83114024E+01  0.34117017E+01  0.34281905E+01
     294 -0.11723225E+02 -0.83114278E+01  0.34117976E+01  0.34281905E+01
     295 -0.11723367E+02 -0.83114592E+01  0.34119074E+01  0.34281905E+01
     296 -0.11723470E+02 -0.83114900E+01  0.34119804E+01  0.34281905E+01
     297 -0.11723571E+02 -0.83115129E+01  0.34120583E+01  0.34281905E+01
     298 -0.11723680E+02 -0.83115364E+01  0.34121439E+01  0.34281905E+01
     299 -0.11723820E+02 -0.83115633E+01  0.34122568E+01  0.34281905E+01
     300 -0.11723904E+02 -0.83115831E+01  0.34123208E+01  0.34281905E+01
     301 -0.11723985E+02 -0.83116006E+01  0.34123842E+01  0.34281905E+01
     302 -0.11724114E+02 -0.83116273E+01  0.34124865E+01  0.34281905E+01
     303 -0.11724257E+02 -0.83116505E+01  0.34126068E+01  0.34281905E+01
     304 -0.11724394E+02 -0.83116814E+01  0.34127122E+01  0.34281905E+01
     305 -0.11724458E+02 -0.83116955E+01  0.34127627E+01  0.34281905E+01
     306 -0.11724585E+02 -0.83117158E+01  0.34128691E+01  0.34281905E+01
     307 -0.11724712E+02 -0.83117376E+01  0.34129749E+01  0.34281905E+01
     308 -0.11724780E+02 -0.83117517E+01  0.34130281E+01  0.34281905E+01
     309 -0.11724881E+02 -0.83117705E+01  0.34131110E+01  0.34281905E+01
     310 -0.11724935E+02 -0.83117822E+01  0.34131528E+01  0.34281905E+01
     311 -0.11725019E+02 -0.83117996E+01  0.34132194E+01  0.34281905E+01
     312 -0.11725101E+02 -0.83118183E+01  0.34132826E+01  0.34281905E+01
     313 -0.11725203E+02 -0.83118356E+01  0.34133669E+01  0.34281905E+01
     314 -0.11725263E+02 -0.83118448E+01  0.34134178E+01  0.34281905E+01
     315 -0.11725334E+02 -0.83118539E+01  0.34134798E+01  0.34281905E+01
     316 -0.11725381E+02 -0.83118637E+01  0.34135171E+01  0.34281905E+01
     317 -0.11725482E+02 -0.83118838E+01  0.34135982E+01  0.34281905E+01
     318 -0.11725595E+02 -0.83119038E+01  0.34136909E+01  0.34281905E+01
     319 -0.11725646E+02 -0.83119136E+01  0.34137322E+01  0.34281905E+01
     320 -0.11725709E+02 -0.83119278E+01  0.34137816E+01  0.34281905E+01
     321 -0.11725756E+02 -0.83119360E+01  0.34138204E+01  0.34281905E+01
     322 -0.11725832E+02 -0.83119495E+01  0.34138824E+01  0.34281905E+01
     323 -0.11725897E+02 -0.83119584E+01  0.34139388E+01  0.34281905E+01
     324 -0.11725944E+02 -0.83119664E+01  0.34139774E+01  0.34281905E+01
     325 -0.11726024E+02 -0.83119765E+01  0.34140476E+01  0.34281905E+01
     326 -0.11726101E+02 -0.83119865E+01  0.34141144E+01  0.34281905E+01
     327 -0.11726138E+02 -0.83119940E+01  0.34141443E+01  0.34281905E+01
     328 -0.11726233E+02 -0.83120079E+01  0.34142251E+01  0.34281905E+01
     329 -0.11726297E+02 -0.83120169E+01  0.34142801E+01  0.34281905E+01
     330 -0.11726343E+02 -0.83120245E+01  0.34143180E+01  0.34281905E+01
     331 -0.11726381E+02 -0.83120332E+01  0.34143483E+01  0.34281905E+01
     332 -0.11726434E+02 -0.83120402E+01  0.34143935E+01  0.34281905E+01
     333 -0.11726465E+02 -0.83120450E+01  0.34144196E+01  0.34281905E+01
     334 -0.11726516E+02 -0.83120521E+01  0.34144639E+01  0.34281905E+01
     335 -0.11726549E+02 -0.83120584E+01  0.34144911E+01  0.34281905E+01
     336 -0.11726590E+02 -0.83120644E+01  0.34145260E+01  0.34281905E+01
     337 -0.11726623E+02 -0.83120696E+01  0.34145531E+01  0.34281905E+01
     338 -0.11726653E+02 -0.83120731E+01  0.34145802E+01  0.34281905E+01
     339 -0.11726691E+02 -0.83120775E+01  0.34146138E+01  0.34281905E+01
     340 -0.11726741E+02 -0.83120846E+01  0.34146563E+01  0.34281905E+01
     341 -0.11726789E+02 -0.83120932E+01  0.34146962E+01  0.34281905E+01
     342 -0.11726826E+02 -0.83120983E+01  0.34147278E+01  0.34281905E+01
     343 -0.11726876E+02 -0.83121071E+01  0.34147686E+01  0.34281905E+01
     344 -0.11726907E+02 -0.83121105E+01  0.34147964E+01  0.34281905E+01
     345 -0.11726951E+02 -0.83121169E+01  0.34148341E+01  0.34281905E+01
     346 -0.11726974E+02 -0.83121197E+01  0.34148545E+01  0.34281905E+01
     347 -0.11726999E+02 -0.83121229E+01  0.34148764E+01  0.34281905E+01
     348 -0.11727027E+02 -0.83121270E+01  0.34149005E+01  0.34281905E+01
     349 -0.11727059E+02 -0.83121319E+01  0.34149268E+01  0.34281905E+01
     350 -0.11727085E+02 -0.83121345E+01  0.34149508E+01  0.34281905E+01
       1 -0.12689989E+01 -0.15842430E+01 -0.31524409E+00  0.34281905E+01
       2 -0.21233805E+01 -0.24189519E+01 -0.29557134E+00  0.34281905E+01
       3 -0.42494347E+01 -0.26559565E+01  0.15934783E+01  0.34281905E+01
       4 -0.77420289E+01 -0.28578506E+01  0.48841783E+01  0.34281905E+01
       5 -0.80582715E+01 -0.57123896E+01  0.23458819E+01  0.34281905E+01
       6 -0.82573733E+01 -0.62437305E+01  0.20136427E+01  0.34281905E+01
       7 -0.84258125E+01 -0.65182279E+01  0.19075846E+01  0.34281905E+01
       8 -0.86843512E+01 -0.66912688E+01  0.19930824E+01  0.34281905E+01
       9 -0.88127631E+01 -0.68540190E+01  0.19587441E+01  0.34281905E+01
      10 -0.89369352E+01 -0.69496941E+01  0.19872411E+01  0.34281905E+01
      11 -0.89955041E+01 -0.70546691E+01  0.19408349E+01  0.34281905E+01
      12 -0.90547362E+01 -0.71308031E+01  0.19239331E+01  0.34281905E+01
      13 -0.92327720E+01 -0.71987140E+01  0.20340581E+01  0.34281905E+01
      14 -0.92885425E+01 -0.72439497E+01  0.20445928E+01  0.34281905E+01
      15 -0.93580509E+01 -0.72822122E+01  0.20758387E+01  0.34281905E+01
      16 -0.94354199E+01 -0.73167374E+01  0.21186826E+01  0.34281905E+01
      17 -0.94893813E+01 -0.73523175E+01  0.21370638E+01  0.34281905E+01
      18 -0.95555533E+01 -0.73965867E+01  0.21589666E+01  0.34281905E+01
      19 -0.96274506E+01 -0.74382715E+01  0.21891792E+01  0.34281905E+01
      20 -0.97078317E+01 -0.74631752E+01  0.22446565E+01  0.34281905E+01
      21 -0.97360158E+01 -0.74826344E+01  0.22533815E+01  0.34281905E+01
      22 -0.97749305E+01 -0.74988367E+01  0.22760937E+01  0.34281905E+01
      23 -0.98125685E+01 -0.75224303E+01  0.22901382E+01  0.34281905E+01
      24 -0.98615536E+01 -0.75463996E+01  0.23151540E+01  0.34281905E+01
      25 -0.99068011E+01 -0.75658531E+01  0.23409480E+01  0.34281905E+01
      26 -0.99546300E+01 -0.75908840E+01  0.23637460E+01  0.34281905E+01
      27 -0.99941630E+01 -0.76126382E+01  0.23815248E+01  0.34281905E+01
      28 -0.10022991E+02 -0.76230338E+01  0.23999568E+01  0.34281905E+01
      29 -0.10063295E+02 -0.76427224E+01  0.24205724E+01  0.34281905E+01
      30 -0.10107264E+02 -0.76698478E+01  0.24374161E+01  0.34281905E+01
      31 -0.10167915E+02 -0.76897091E+01  0.24782057E+01  0.34281905E+01
      32 -0.10202172E+02 -0.77132889E+01  0.24888829E+01  0.34281905E+01
      33 -0.10231962E+02 -0.77357825E+01  0.24961797E+01  0.34281905E+01
      34 -0.10257381E+02 -0.77458869E+01  0.25114944E+01  0.34281905E+01
      35 -0.10291808E+02 -0.77616034E+01  0.25302044E+01  0.34281905E+01
      36 -0.10322446E+02 -0.77773768E+01  0.25450691E+01  0.34281905E+01
      37 -0.10345389E+02 -0.77902009E+01  0.25551884E+01  0.34281905E+01
      38 -0.10408971E+02 -0.78243515E+01  0.25846198E+01  0.34281905E+01
      39 -0.10453671E+02 -0.78387007E+01  0.26149704E+01  0.34281905E+01
      40 -0.10490632E+02 -0.78555321E+01  0.26351001E+01  0.34281905E+01
      41 -0.10524438E+02 -0.78741584E+01  0.26502795E+01  0.34281905E+01
      42 -0.10564741E+02 -0.78911091E+01  0.26736314E+01  0.34281905E+01
      43 -0.10625650E+02 -0.79241078E+01  0.27015417E+01  0.34281905E+01
      44 -0.10654999E+02 -0.79353562E+01  0.27196425E+01  0.34281905E+01
      45 -0.10682580E+02 -0.79513911E+01  0.27311893E+01  0.34281905E+01
      46 -0.10724476E+02 -0.79693346E+01  0.27551417E+01  0.34281905E+01
      47 -0.10758330E+02 -0.79805323E+01  0.27777980E+01  0.34281905E+01
      48 -0.10782860E+02 -0.79912246E+01  0.27916354E+01  0.34281905E+01
      49 -0.10826269E+02 -0.80116969E+01  0.28145718E+01  0.34281905E+01
      50 -0.10854250E+02 -0.80243444E+01  0.28299056E+01  0.34281905E+01
      51 -0.10905838E+02 -0.80404320E+01  0.28654058E+01  0.34281905E+01
      52 -0.10928182E+02 -0.80496841E+01  0.28784981E+01  0.34281905E+01
      53 -0.10963861E+02 -0.80691182E+01  0.28947429E+01  0.34281905E+01
      54 -0.10989151E+02 -0.80785740E+01  0.29105766E+01  0.34281905E+01
      55 -0.11018109E+02 -0.80894961E+01  0.29286127E+01  0.34281905E+01
      56 -0.11043927E+02 -0.81005290E+01  0.29433979E+01  0.34281905E+01
      57 -0.11062245E+02 -0.81111204E+01  0.29511244E+01  0.34281905E+01
      58 -0.11075781E+02 -0.81160972E+01  0.29596842E+01  0.34281905E+01
      59 -0.11096285E+02 -0.81248649E+01  0.29714197E+01  0.34281905E+01
      60 -0.11117682E+02 -0.81344011E+01  0.29832813E+01  0.34281905E+01
      61 -0.11143483E+02 -0.81444412E+01  0.29990415E+01  0.34281905E+01
      62 -0.11159075E+02 -0.81526692E+01  0.30064059E+01  0.34281905E+01
      63 -0.11170531E+02 -0.81572356E+01  0.30132952E+01  0.34281905E+01
      64 -0.11185506E+02 -0.81666473E+01  0.30188584E+01  0.34281905E+01
      65 -0.11205996E+02 -0.81743310E+01  0.30316648E+01  0.34281905E+01
      66 -0.11225900E+02 -0.81819025E+01  0.30439978E+01  0.34281905E+01
      67 -0.11240473E+02 -0.81878694E+01  0.30526035E+01  0.34281905E+01
      68 -0.11257971E+02 -0.81949972E+01  0.30629734E+01  0.34281905E+01
      69 -0.11271762E+02 -0.82007946E+01  0.30709675E+01  0.34281905E+01
      70 -0.11285074E+02 -0.82071901E+01  0.30778839E+01  0.34281905E+01
      71 -0.11296092E+02 -0.82130798E+01  0.30830117E+01  0.34281905E+01
      72 -0.11312721E+02 -0.82244443E+01  0.30882770E+01  0.34281905E+01
      73 -0.11325633E+02 -0.82311780E+01  0.30944548E+01  0.34281905E+01
      74 -0.11335290E+02 -0.82356651E+01  0.30996249E+01  0.34281905E+01
      75 -0.11345862E+02 -0.82402245E+01  0.31056375E+01  0.34281905E+01
      76 -0.11354884E+02 -0.82434072E+01  0.31114763E+01  0.34281905E+01
      77 -0.11368106E+02 -0.82482843E+01  0.31198213E+01  0.34281905E+01
      78 -0.11384220E+02 -0.82553115E+01  0.31289080E+01  0.34281905E+01
      79 -0.11394214E+02 -0.82596768E+01  0.31345369E+01  0.34281905E+01
      80 -0.11403271E+02 -0.82637861E+01  0.31394844E+01  0.34281905E+01
      81 -0.11413212E+02 -0.82678178E+01  0.31453940E+01  0.34281905E+01
      82 -0.11420918E+02 -0.82720045E+01  0.31489132E+01  0.34281905E+01
      83 -0.11432699E+02 -0.82763380E+01  0.31563611E+01  0.34281905E+01
      84 -0.11444116E+02 -0.82805615E+01  0.31635542E+01  0.34281905E+01
      85 -0.11449973E+02 -0.82833616E+01  0.31666118E+01  0.34281905E+01
      86 -0.11457230E+02 -0.82871701E+01  0.31700603E+01  0.34281905E+01
      87 -0.11466736E+02 -0.82904278E+01  0.31763086E+01  0.34281905E+01
      88 -0.11474893E+02 -0.82941174E+01  0.31807755E+01  0.34281905E+01
      89 -0.11481416E+02 -0.82962659E+01  0.31851504E+01  0.34281905E+01
      90 -0.11492005E+02 -0.83008103E+01  0.31911950E+01  0.34281905E+01
      91 -0.11497834E+02 -0.83034308E+01  0.31944034E+01  0.34281905E+01
      92 -0.11507267E+02 -0.83075264E+01  0.31997405E+01  0.34281905E+01
      93 -0.11512794E+02 -0.83099881E+01  0.32028058E+01  0.34281905E+01
      94 -0.11519524E+02 -0.83129451E+01  0.32065790E+01  0.34281905E+01
      95 -0.11526997E+02 -0.83160071E+01  0.32109899E+01  0.34281905E+01
      96 -0.11531077E+02 -0.83187404E+01  0.32123366E+01  0.34281905E+01
      97 -0.11539229E+02 -0.83223052E+01  0.32169241E+01  0.34281905E+01
      98 -0.11545008E+02 -0.83244781E+01  0.32205295E+01  0.34281905E+01
      99 -0.11548870E+02 -0.83258025E+01  0.32230679E+01  0.34281905E+01
     100 -0.11555256E+02 -0.83281463E+01  0.32271092E+01  0.34281905E+01
     101 -0.11560353E+02 -0.83300963E+01  0.32302569E+01  0.34281905E+01
     102 -0.11566556E+02 -0.83333290E+01  0.32332267E+01  0.34281905E+01
     103 -0.11572929E+02 -0.83354967E+01  0.32374328E+01  0.34281905E+01
     104 -0.11577396E+02 -0.83372594E+01  0.32401364E+01  0.34281905E+01
     105 -0.11584200E+02 -0.83403625E+01  0.32438374E+01  0.34281905E+01
     106 -0.11588835E+02 -0.83423509E+01  0.32464838E+01  0.34281905E+01
     107 -0.11593238E+02 -0.83439214E+01  0.32493167E+01  0.34281905E+01
     108 -0.11597480E+02 -0.83456741E+01  0.32518057E+01  0.34281905E+01
     109 -0.11602770E+02 -0.83475651E+01  0.32552046E+01  0.34281905E+01
     110 -0.11608287E+02 -0.83495083E+01  0.32587789E+01  0.34281905E+01
     111 -0.11613006E+02 -0.83514614E+01  0.32615447E+01  0.34281905E+01
     112 -0.11618216E+02 -0.83533165E+01  0.32648998E+01  0.34281905E+01
     113 -0.11621669E+02 -0.83548348E+01  0.32668344E+01  0.34281905E+01
     114 -0.11625661E+02 -0.83560597E+01  0.32696017E+01  0.34281905E+01
     115 -0.11629616E+02 -0.83574034E+01  0.32722130E+01  0.34281905E+01
     116 -0.11633718E+02 -0.83590905E+01  0.32746274E+01  0.34281905E+01
     117 -0.11637335E+02 -0.83603091E+01  0.32770256E+01  0.34281905E+01
     118 -0.11641132E+02 -0.83619335E+01  0.32791982E+01  0.34281905E+01
     119 -0.11645734E+02 -0.83634919E+01  0.32822425E+01  0.34281905E+01
     120 -0.11648942E+02 -0.83645767E+01  0.32843650E+01  0.34281905E+01
     121 -0.11652441E+02 -0.83659262E+01  0.32865152E+01  0.34281905E+01
     122 -0.11656280E+02 -0.83672014E+01  0.32890786E+01  0.34281905E+01
     123 -0.11658656E+02 -0.83682592E+01  0.32903968E+01  0.34281905E+01
     124 -0.11662366E+02 -0.83695076E+01  0.32928579E+01  0.34281905E+01
     125 -0.11666031E+02 -0.83709008E+01  0.32951300E+01  0.34281905E+01
     126 -0.11669013E+02 -0.83719999E+01  0.32970130E+01  0.34281905E+01
     127 -0.11672771E+02 -0.83732249E+01  0.32995466E+01  0.34281905E+01
     128 -0.11675801E+02 -0.83742485E+01  0.33015522E+01  0.34281905E+01
     129 -0.11678127E+02 -0.83751878E+01  0.33029389E+01  0.34281905E+01
     130 -0.11681240E+02 -0.83763198E+01  0.33049203E+01  0.34281905E+01
     131 -0.11683669E+02 -0.83771281E+01  0.33065408E+01  0.34281905E+01
     132 -0.11686746E+02 -0.83781140E+01  0.33086322E+01  0.34281905E+01
     133 -0.11689933E+02 -0.83791954E+01  0.33107379E+01  0.34281905E+01
     134 -0.11692705E+02 -0.83800626E+01  0.33126425E+01  0.34281905E+01
     135 -0.11694647E+02 -0.83808095E+01  0.33138378E+01  0.34281905E+01
     136 -0.11697057E+02 -0.83815346E+01  0.33155223E+01  0.34281905E+01
     137 -0.11699805E+02 -0.83824153E+01  0.33173898E+01  0.34281905E+01
     138 -0.11702098E+02 -0.83831470E+01  0.33189505E+01  0.34281905E+01
     139 -0.11704645E+02 -0.83841177E+01  0.33205272E+01  0.34281905E+01
     140 -0.11706484E+02 -0.83849249E+01  0.33215587E+01  0.34281905E+01
     141 -0.11710149E+02 -0.83861021E+01  0.33240473E+01  0.34281905E+01
     142 -0.11712372E+02 -0.83867583E+01  0.33256133E+01  0.34281905E+01
     143 -0.11715400E+02 -0.83877665E+01  0.33276336E+01  0.34281905E+01
     144 -0.11717609E+02 -0.83885970E+01  0.33290123E+01  0.34281905E+01
     145 -0.11719420E+02 -0.83892297E+01  0.33301903E+01  0.34281905E+01
     146 -0.11721638E+02 -0.83899138E+01  0.33317246E+01  0.34281905E+01
     147 -0.11723253E+02 -0.83904549E+01  0.33327980E+01  0.34281905E+01
     148 -0.11725417E+02 -0.83911392E+01  0.33342773E+01  0.34281905E+01
     149 -0.11726974E+02 -0.83917693E+01  0.33352044E+01  0.34281905E+01
     150 -0.11729569E+02 -0.83925980E+01  0.33369707E+01  0.34281905E+01
     151 -0.11731434E+02 -0.83931458E+01  0.33382878E+01  0.34281905E+01
     152 -0.11733366E+02 -0.83938498E+01  0.33395158E+01  0.34281905E+01
     153 -0.11735161E+02 -0.83944401E+01  0.33407213E+01  0.34281905E+01
     154 -0.11736788E+02 -0.83950966E+01  0.33416911E+01  0.34281905E+01
     155 -0.11739082E+02 -0.83957658E+01  0.33433162E+01  0.34281905E+01
     156 -0.11740501E+02 -0.83961955E+01  0.33443050E+01  0.34281905E+01
     157 -0.11741900E+02 -0.83966244E+01  0.33452752E+01  0.34281905E+01
     158 -0.11743929E+02 -0.83973520E+01  0.33465770E+01  0.34281905E+01
     159 -0.11745472E+02 -0.83978188E+01  0.33476532E+01  0.34281905E+01
     160 -0.11747922E+02 -0.83987275E+01  0.33491947E+01  0.34281905E+01
     161 -0.11749523E+02 -0.83992483E+01  0.33502747E+01  0.34281905E+01
     162 -0.11751067E+02 -0.83997709E+01  0.33512962E+01  0.34281905E+01
     163 -0.11751957E+02 -0.84000731E+01  0.33518836E+01  0.34281905E+01
     164 -0.11753325E+02 -0.84004760E+01  0.33528493E+01  0.34281905E+01
     165 -0.11754638E+02 -0.84009002E+01  0.33537373E+01  0.34281905E+01
     166 -0.11756763E+02 -0.84014481E+01  0.33553144E+01  0.34281905E+01
     167 -0.11758348E+02 -0.84019091E+01  0.33564391E+01  0.34281905E+01
     168 -0.11759548E+02 -0.84023800E+01  0.33571682E+01  0.34281905E+01
     169 -0.11761143E+02 -0.84029597E+01  0.33581828E+01  0.34281905E+01
     170 -0.11762523E+02 -0.84034217E+01  0.33591012E+01  0.34281905E+01
     171 -0.11763816E+02 -0.84038169E+01  0.33599990E+01  0.34281905E+01
     172 -0.11765221E+02 -0.84041919E+01  0.33610294E+01  0.34281905E+01
     173 -0.11766212E+02 -0.84045467E+01  0.33616653E+01  0.34281905E+01
     174 -0.11767434E+02 -0.84048762E+01  0.33625573E+01  0.34281905E+01
     175 -0.11768352E+02 -0.84052413E+01  0.33631102E+01  0.34281905E+01
     176 -0.11769377E+02 -0.84055643E+01  0.33638123E+01  0.34281905E+01
     177 -0.11770884E+02 -0.84060541E+01  0.33648303E+01  0.34281905E+01
     178 -0.11772415E+02 -0.84064810E+01  0.33659337E+01  0.34281905E+01
     179 -0.11773553E+02 -0.84067689E+01  0.33667836E+01  0.34281905E+01
     180 -0.11775328E+02 -0.84072246E+01  0.33681033E+01  0.34281905E+01
     181 -0.11776521E+02 -0.84075052E+01  0.33690153E+01  0.34281905E+01
     182 -0.11777464E+02 -0.84077634E+01  0.33697002E+01  0.34281905E+01
     183 -0.11779133E+02 -0.84081827E+01  0.33709498E+01  0.34281905E+01
     184 -0.11779960E+02 -0.84084018E+01  0.33715585E+01  0.34281905E+01
     185 -0.11781308E+02 -0.84087355E+01  0.33725720E+01  0.34281905E+01
     186 -0.11782251E+02 -0.84089932E+01  0.33732580E+01  0.34281905E+01
     187 -0.11783831E+02 -0.84093216E+01  0.33745090E+01  0.34281905E+01
     188 -0.11785451E+02 -0.84096521E+01  0.33757990E+01  0.34281905E+01
     189 -0.11786516E+02 -0.84099276E+01  0.33765880E+01  0.34281905E+01
     190 -0.11787406E+02 -0.84102170E+01  0.33771891E+01  0.34281905E+01
     191 -0.11788577E+02 -0.84104920E+01  0.33780854E+01  0.34281905E+01
     192 -0.11789370E+02 -0.84107450E+01  0.33786249E+01  0.34281905E+01
     193 -0.11790048E+02 -0.84109117E+01  0.33791362E+01  0.34281905E+01
     194 -0.11791147E+02 -0.84111998E+01  0.33799474E+01  0.34281905E+01
     195 -0.11792110E+02 -0.84114584E+01  0.33806514E+01  0.34281905E+01
     196 -0.11793452E+02 -0.84117363E+01  0.33817153E+01  0.34281905E+01
     197 -0.11794221E+02 -0.84119106E+01  0.33823104E+01  0.34281905E+01
     198 -0.11795220E+02 -0.84121273E+01  0.33830930E+01  0.34281905E+01
     199 -0.11796149E+02 -0.84123827E+01  0.33837659E+01  0.34281905E+01
     200 -0.11796911E+02 -0.84126080E+01  0.33843028E+01  0.34281905E+01
     201 -0.11797889E+02 -0.84128268E+01  0.33850619E+01  0.34281905E+01
     202 -0.11798916E+02 -0.84130477E+01  0.33858679E+01  0.34281905E+01
     203 -0.11799796E+02 -0.84132556E+01  0.33865403E+01  0.34281905E+01
     204 -0.11800244E+02 -0.84133764E+01  0.33868673E+01  0.34281905E+01
     205 -0.11801141E+02 -0.84135540E+01  0.33875871E+01  0.34281905E+01
     206 -0.11801816E+02 -0.84137061E+01  0.33881096E+01  0.34281905E+01
     207 -0.11802571E+02 -0.84138756E+01  0.33886952E+01  0.34281905E+01
     208 -0.11803278E+02 -0.84140293E+01  0.33892484E+01  0.34281905E+01
     209 -0.11804182E+02 -0.84142462E+01  0.33899361E+01  0.34281905E+01
     210 -0.11805423E+02 -0.84145304E+01  0.33908928E+01  0.34281905E+01
     211 -0.11805985E+02 -0.84146758E+01  0.33913089E+01  0.34281905E+01
     212 -0.11806660E+02 -0.84148425E+01  0.33918171E+01  0.34281905E+01
     213 -0.11807269E+02 -0.84149804E+01  0.33922889E+01  0.34281905E+01
     214 -0.11807845E+02 -0.84151079E+01  0.33927373E+01  0.34281905E+01
     215 -0.11808581E+02 -0.84152846E+01  0.33932961E+01  0.34281905E+01
     216 -0.11809094E+02 -0.84153962E+01  0.33936973E+01  0.34281905E+01
     217 -0.11809678E+02 -0.84155271E+01  0.33941514E+01  0.34281905E+01
     218 -0.11810248E+02 -0.84156664E+01  0.33945813E+01  0.34281905E+01
     219 -0.11810974E+02 -0.84158289E+01  0.33951450E+01  0.34281905E+01
     220 -0.11811592E+02 -0.84159517E+01  0.33956407E+01  0.34281905E+01
     221 -0.11812380E+02 -0.84161044E+01  0.33962756E+01  0.34281905E+01
     222 -0.11812873E+02 -0.84162058E+01  0.33966675E+01  0.34281905E+01
     223 -0.11813536E+02 -0.84163211E+01  0.33972146E+01  0.34281905E+01
     224 -0.11814077E+02 -0.84164431E+01  0.33976337E+01  0.34281905E+01
     225 -0.11814540E+02 -0.84165370E+01  0.33980027E+01  0.34281905E+01
     226 -0.11815022E+02 -0.84166369E+01  0.33983854E+01  0.34281905E+01
     227 -0.11815482E+02 -0.84167313E+01  0.33987508E+01  0.34281905E+01
     228 -0.11816001E+02 -0.84168459E+01  0.33991553E+01  0.34281905E+01
     229 -0.11816264E+02 -0.84169128E+01  0.33993513E+01  0.34281905E+01
     230 -0.11817053E+02 -0.84170827E+01  0.33999700E+01  0.34281905E+01
     231 -0.11817430E+02 -0.84171573E+01  0.34002731E+01  0.34281905E+01
     232 -0.11817993E+02 -0.84172816E+01  0.34007115E+01  0.34281905E+01
     233 -0.11818509E+02 -0.84173929E+01  0.34011165E+01  0.34281905E+01
     234 -0.11818949E+02 -0.84174821E+01  0.34014670E+01  0.34281905E+01
     235 -0.11819350E+02 -0.84175885E+01  0.34017614E+01  0.34281905E+01
     236 -0.11819641E+02 -0.84176553E+01  0.34019856E+01  0.34281905E+01
     237 -0.11820083E+02 -0.84177376E+01  0.34023454E+01  0.34281905E+01
     238 -0.11820445E+02 -0.84178331E+01  0.34026123E+01  0.34281905E+01
     239 -0.11820842E+02 -0.84179271E+01  0.34029149E+01  0.34281905E+01
     240 -0.11821238E+02 -0.84180064E+01  0.34032318E+01  0.34281905E+01
     241 -0.11821600E+02 -0.84181068E+01  0.34034934E+01  0.34281905E+01
     242 -0.11822200E+02 -0.84182216E+01  0.34039789E+01  0.34281905E+01
     243 -0.11822563E+02 -0.84182978E+01  0.34042648E+01  0.34281905E+01
     244 -0.11822864E+02 -0.84183713E+01  0.34044925E+01  0.34281905E+01
     245 -0.11823201E+02 -0.84184406E+01  0.34047602E+01  0.34281905E+01
     246 -0.11823489E+02 -0.84185061E+01  0.34049832E+01  0.34281905E+01
     247 -0.11823829E+02 -0.84185811E+01  0.34052477E+01  0.34281905E+01
     248 -0.11824146E+02 -0.84186604E+01  0.34054856E+01  0.34281905E+01
     249 -0.11824367E+02 -0.84187222E+01  0.34056447E+01  0.34281905E+01
     250 -0.11824747E+02 -0.84188182E+01  0.34059283E+01  0.34281905E+01
     251 -0.11825100E+02 -0.84189324E+01  0.34061676E+01  0.34281905E+01
     252 -0.11825397E+02 -0.84190252E+01  0.34063720E+01  0.34281905E+01
     253 -0.11825732E+02 -0.84191319E+01  0.34066000E+01  0.34281905E+01
     254 -0.11826405E+02 -0.84192628E+01  0.34071418E+01  0.34281905E+01
     255 -0.11826700E+02 -0.84193650E+01  0.34073351E+01  0.34281905E+01
     256 -0.11827039E+02 -0.84194733E+01  0.34075655E+01  0.34281905E+01
     257 -0.11827439E+02 -0.84195995E+01  0.34078391E+01  0.34281905E+01
     258 -0.11827665E+02 -0.84196708E+01  0.34079938E+01  0.34281905E+01
     259 -0.11827960E+02 -0.84197721E+01  0.34081876E+01  0.34281905E+01
     260 -0.11828114E+02 -0.84198232E+01  0.34082907E+01  0.34281905E+01
     261 -0.11828533E+02 -0.84199237E+01  0.34086091E+01  0.34281905E+01
     262 -0.11828755E+02 -0.84199830E+01  0.34087716E+01  0.34281905E+01
     263 -0.11829003E+02 -0.84200590E+01  0.34089442E+01  0.34281905E+01
     264 -0.11829296E+02 -0.84201474E+01  0.34091488E+01  0.34281905E+01
     265 -0.11829557E+02 -0.84202148E+01  0.34093424E+01  0.34281905E+01
     266 -0.11829883E+02 -0.84202913E+01  0.34095917E+01  0.34281905E+01
     267 -0.11830242E+02 -0.84203845E+01  0.34098573E+01  0.34281905E+01
     268 -0.11830404E+02 -0.84204386E+01  0.34099653E+01  0.34281905E+01
     269 -0.11830596E+02 -0.84204967E+01  0.34100993E+01  0.34281905E+01
     270 -0.11830781E+02 -0.84205541E+01  0.34102269E+01  0.34281905E+01
     271 -0.11830976E+02 -0.84206117E+01  0.34103645E+01  0.34281905E+01
     272 -0.11831237E+02 -0.84206753E+01  0.34105617E+01  0.34281905E+01
     273 -0.11831436E+02 -0.84207312E+01  0.34107045E+01  0.34281905E+01
     274 -0.11831586E+02 -0.84207853E+01  0.34108008E+01  0.34281905E+01
     275 -0.11831769E+02 -0.84208346E+01  0.34109346E+01  0.34281905E+01
     276 -0.11831925E+02 -0.84208816E+01  0.34110436E+01  0.34281905E+01
     277 -0.11832148E+02 -0.84209376E+01  0.34112107E+01  0.34281905E+01
     278 -0.11832337E+02 -0.84209908E+01  0.34113462E+01  0.34281905E+01
     279 -0.11832545E+02 -0.84210438E+01  0.34115008E+01  0.34281905E+01
     280 -0.11832725E+02 -0.84210901E+01  0.34116353E+01  0.34281905E+01
     281 -0.11832926E+02 -0.84211454E+01  0.34117805E+01  0.34281905E+01
     282 -0.11833080E+02 -0.84211772E+01  0.34119031E+01  0.34281905E+01
     283 -0.11833221E+02 -0.84212145E+01  0.34120061E+01  0.34281905E+01
     284 -0.11833368E+02 -0.84212491E+01  0.34121190E+01  0.34281905E+01
     285 -0.11833585E+02 -0.84212851E+01  0.34122996E+01  0.34281905E+01
     286 -0.11833700E+02 -0.84213149E+01  0.34123851E+01  0.34281905E+01
     287 -0.11833850E+02 -0.84213481E+01  0.34125022E+01  0.34281905E+01
     288 -0.11833967E+02 -0.84213846E+01  0.34125825E+01  0.34281905E+01
     289 -0.11834160E+02 -0.84214185E+01  0.34127413E+01  0.34281905E+01
     290 -0.11834373E+02 -0.84214748E+01  0.34128980E+01  0.34281905E+01
     291 -0.11834547E+02 -0.84215171E+01  0.34130300E+01  0.34281905E+01
     292 -0.11834702E+02 -0.84215627E+01  0.34131393E+01  0.34281905E+01
     293 -0.11834808E+02 -0.84215864E+01  0.34132212E+01  0.34281905E+01
     294 -0.11834929E+02 -0.84216119E+01  0.34133171E+01  0.34281905E+01
     295 -0.11835070E+02 -0.84216433E+01  0.34134270E+01  0.34281905E+01
     296 -0.11835174E+02 -0.84216741E+01  0.34135000E+01  0.34281905E+01
     297 -0.11835275E+02 -0.84216970E+01  0.34135779E+01  0.34281905E+01
     298 -0.11835384E+02 -0.84217205E+01  0.34136636E+01  0.34281905E+01
     299 -0.11835524E+02 -0.84217475E+01  0.34137765E+01  0.34281905E+01
     300 -0.11835608E+02 -0.84217672E+01  0.34138405E+01  0.34281905E+01
     301 -0.11835689E+02 -0.84217847E+01  0.34139039E+01  0.34281905E+01
     302 -0.11835818E+02 -0.84218115E+01  0.34140063E+01  0.34281905E+01
     303 -0.11835961E+02 -0.84218346E+01  0.34141266E+01  0.34281905E+01
     304 -0.11836098E+02 -0.84218656E+01  0.34142321E+01  0.34281905E+01
     305 -0.11836162E+02 -0.84218797E+01  0.34142825E+01  0.34281905E+01
     306 -0.11836289E+02 -0.84219000E+01  0.34143890E+01  0.34281905E+01
     307 -0.11836417E+02 -0.84219217E+01  0.34144948E+01  0.34281905E+01
     308 -0.11836484E+02 -0.84219359E+01  0.34145481E+01  0.34281905E+01
     309 -0.11836586E+02 -0.84219547E+01  0.34146309E+01  0.34281905E+01
     310 -0.11836639E+02 -0.84219664E+01  0.34146728E+01  0.34281905E+01
     311 -0.11836723E+02 -0.84219838E+01  0.34147394E+01  0.34281905E+01
     312 -0.11836805E+02 -0.84220025E+01  0.34148027E+01  0.34281905E+01
     313 -0.11836907E+02 -0.84220198E+01  0.34148870E+01  0.34281905E+01
     314 -0.11836967E+02 -0.84220290E+01  0.34149378E+01  0.34281905E+01
     315 -0.11837038E+02 -0.84220381E+01  0.34149999E+01  0.34281905E+01
     316 -0.11837085E+02 -0.84220479E+01  0.34150372E+01  0.34281905E+01
     317 -0.11837186E+02 -0.84220680E+01  0.34151184E+01  0.34281905E+01
     318 -0.11837299E+02 -0.84220880E+01  0.34152110E+01  0.34281905E+01
     319 -0.11837350E+02 -0.84220979E+01  0.34152524E+01  0.34281905E+01
     320 -0.11837414E+02 -0.84221120E+01  0.34153018E+01  0.34281905E+01
     321 -0.11837461E+02 -0.84221202E+01  0.34153406E+01  0.34281905E+01
     322 -0.11837536E+02 -0.84221337E+01  0.34154026E+01  0.34281905E+01
     323 -0.11837602E+02 -0.84221427E+01  0.34154590E+01  0.34281905E+01
     324 -0.11837648E+02 -0.84221507E+01  0.34154976E+01  0.34281905E+01
     325 -0.11837729E+02 -0.84221608E+01  0.34155679E+01  0.34281905E+01
     326 -0.11837805E+02 -0.84221707E+01  0.34156347E+01  0.34281905E+01
     327 -0.11837843E+02 -0.84221782E+01  0.34156646E+01  0.34281905E+01
     328 -0.11837938E+02 -0.84221922E+01  0.34157454E+01  0.34281905E+01
     329 -0.11838002E+02 -0.84222011E+01  0.34158005E+01  0.34281905E+01
     330 -0.11838047E+02 -0.84222088E+01  0.34158384E+01  0.34281905E+01
     331 -0.11838086E+02 -0.84222174E+01  0.34158687E+01  0.34281905E+01
     332 -0.11838138E+02 -0.84222244E+01  0.34159139E+01  0.34281905E+01
     333 -0.11838169E+02 -0.84222293E+01  0.34159400E+01  0.34281905E+01
     334 -0.11838221E+02 -0.84222364E+01  0.34159844E+01  0.34281905E+01
     335 -0.11838254E+02 -0.84222427E+01  0.34160115E+01  0.34281905E+01
     336 -0.11838295E+02 -0.84222486E+01  0.34160464E+01  0.34281905E+01
     337 -0.11838327E+02 -0.84222539E+01  0.34160736E+01  0.34281905E+01
     338 -0.11838358E+02 -0.84222573E+01  0.34161007E+01  0.34281905E+01
     339 -0.11838396E+02 -0.84222618E+01  0.34161343E+01  0.34281905E+01
     340 -0.11838446E+02 -0.84222689E+01  0.34161768E+01  0.34281905E+01
     341 -0.11838494E+02 -0.84222775E+01  0.34162167E+01  0.34281905E+01
     342 -0.11838531E+02 -0.84222826E+01  0.34162483E+01  0.34281905E+01
     343 -0.11838581E+02 -0.84222914E+01  0.34162891E+01  0.34281905E+01
     344 -0.11838612E+02 -0.84222948E+01  0.34163169E+01  0.34281905E+01
     345 -0.11838656E+02 -0.84223012E+01  0.34163547E+01  0.34281905E+01
     346 -0.11838679E+02 -0.84223040E+01  0.34163751E+01  0.34281905E+01
     347 -0.11838704E+02 -0.84223072E+01  0.34163970E+01  0.34281905E+01
     348 -0.11838732E+02 -0.84223113E+01  0.34164210E+01  0.34281905E+01
     349 -0.11838764E+02 -0.84223162E+01  0.34164474E+01  0.34281905E+01
     350 -0.11838790E+02 -0.84223188E+01  0.34164714E+01  0.34281905E+01
