          16
 0.00   5   1   5  0.004629630    0.00000000    0.00000000    0.00000000
 0.00   5   1   5  0.037037037    0.00000000    0.00000000    0.16666667
 0.00   5   1   5  0.037037037    0.00000000    0.00000000    0.33333333
 0.00   5   1   5  0.018518519    0.00000000    0.00000000    0.50000000
 0.00   5   1   5  0.027777778    0.00000000    0.16666667    0.16666667
 0.00   5   1   5  0.111111111    0.00000000    0.16666667    0.33333333
 0.00   5   1   5  0.111111111    0.00000000    0.16666667    0.50000000
 0.00   5   1   5  0.111111111    0.00000000    0.16666667    0.66666667
 0.00   5   1   5  0.055555556    0.00000000    0.16666667    0.83333333
 0.00   5   1   5  0.027777778    0.00000000    0.33333333    0.33333333
 0.00   5   1   5  0.111111111    0.00000000    0.33333333    0.50000000
 0.00   5   1   5  0.055555556    0.00000000    0.33333333    0.66666667
 0.00   5   1   5  0.013888889    0.00000000    0.50000000    0.50000000
 0.00   5   1   5  0.111111111    0.16666667    0.33333333    0.50000000
 0.00   5   1   5  0.111111111    0.16666667    0.33333333    0.66666667
 0.00   5   1   5  0.055555556    0.16666667    0.50000000    0.66666667
