     50      333.19044        4.09837     -434.90155     -430.80318
    100      326.84317        4.03858     -434.83792     -430.79933
    150      320.33367        3.93930     -434.73924     -430.79994
    200      308.23107        3.78649     -434.57486     -430.78837
    250      290.67845        3.57468     -434.37168     -430.79700
    300      293.85021        3.61271     -434.38386     -430.77115
    350      339.12189        4.17369     -434.91272     -430.73903
    400      300.75644        3.69597     -434.43786     -430.74189
    450      344.14924        4.22701     -434.97008     -430.74307
    500      288.38412        3.54262     -434.27753     -430.73492
    550      298.26802        3.66427     -434.42253     -430.75827
    600      295.42852        3.63364     -434.37435     -430.74071
    650      339.67953        4.18144     -434.90156     -430.72013
    700      317.79045        3.91535     -434.63277     -430.71741
    750      306.99255        3.78443     -434.48779     -430.70335
    800      297.38493        3.65669     -434.37423     -430.71754
    850      301.56450        3.70595     -434.42273     -430.71678
    900      304.41962        3.74155     -434.47291     -430.73136
    950      325.14919        3.99576     -434.72284     -430.72709
   1000      292.89577        3.59907     -434.33741     -430.73834
   1050      321.17780        3.94677     -434.70177     -430.75500
   1100      333.67974        4.10058     -434.85508     -430.75450
   1150      296.06015        3.63975     -434.38951     -430.74976
   1200      334.52861        4.11049     -434.85999     -430.74950
   1250      314.21214        3.86119     -434.59515     -430.73395
   1300      320.46560        3.93604     -434.66263     -430.72660
   1350      317.79074        3.90754     -434.62835     -430.72081
   1400      305.72701        3.75815     -434.47068     -430.71253
   1450      328.43955        4.03664     -434.77362     -430.73697
   1500      273.26474        3.35603     -434.07596     -430.71993
   1550      341.26705        4.19999     -434.90728     -430.70729
   1600      277.98923        3.41718     -434.10228     -430.68511
   1650      310.20187        3.81087     -434.49427     -430.68340
   1700      290.87408        3.57328     -434.25590     -430.68262
   1750      303.60949        3.72864     -434.42345     -430.69481
   1800      320.85130        3.94126     -434.63737     -430.69611
   1850      331.43402        4.07156     -434.74917     -430.67761
   1900      287.10374        3.52912     -434.19205     -430.66293
   1950      297.25248        3.66743     -434.32384     -430.65641
   2000      319.38437        3.92750     -434.59695     -430.66945
   2050      319.37238        3.92804     -434.61002     -430.68198
   2100      301.14385        3.70234     -434.35869     -430.65635
   2150      323.17453        3.97722     -434.61398     -430.63676
   2200      303.30414        3.72650     -434.34276     -430.61626
   2250      309.37118        3.80384     -434.43746     -430.63362
   2300      292.95092        3.60059     -434.23623     -430.63564
   2350      344.58970        4.23633     -434.89955     -430.66322
   2400      323.42620        3.97250     -434.64189     -430.66939
   2450      304.10844        3.73451     -434.41203     -430.67753
   2500      315.99817        3.88450     -434.55476     -430.67026
   2550      325.70422        4.00617     -434.69247     -430.68631
   2600      290.28318        3.56709     -434.27526     -430.70817
   2650      329.58431        4.05613     -434.79163     -430.73550
   2700      305.47174        3.75625     -434.49927     -430.74302
   2750      302.24049        3.71322     -434.45787     -430.74465
   2800      322.90010        3.96885     -434.70508     -430.73622
   2850      323.62565        3.98129     -434.73042     -430.74914
   2900      304.20139        3.74446     -434.47733     -430.73287
   2950      303.38669        3.73501     -434.45616     -430.72115
   3000      295.36560        3.63086     -434.36774     -430.73689
   3050      283.13815        3.47892     -434.22944     -430.75053
   3100      330.74846        4.06390     -434.81913     -430.75523
   3150      319.30331        3.92380     -434.68819     -430.76439
   3200      311.29768        3.82517     -434.58493     -430.75976
   3250      277.18031        3.40663     -434.17121     -430.76458
   3300      295.01171        3.63033     -434.41007     -430.77973
   3350      297.74744        3.66364     -434.44359     -430.77995
   3400      301.47209        3.70516     -434.49996     -430.79480
   3450      343.66125        4.22473     -435.01182     -430.78708
   3500      289.79092        3.56291     -434.34717     -430.78426
   3550      308.07052        3.78614     -434.57412     -430.78799
   3600      247.79286        3.04988     -433.85651     -430.80663
   3650      330.26126        4.06341     -434.85703     -430.79362
   3700      300.18087        3.68737     -434.47348     -430.78611
   3750      310.38466        3.81517     -434.57943     -430.76426
   3800      267.18655        3.28835     -434.04830     -430.75996
   3850      326.84070        4.01567     -434.77085     -430.75518
   3900      328.96333        4.04230     -434.80612     -430.76382
   3950      286.27014        3.52217     -434.28399     -430.76183
   4000      321.25888        3.94624     -434.71882     -430.77258
   4050      312.95048        3.85019     -434.61680     -430.76661
   4100      292.66878        3.59799     -434.36844     -430.77045
   4150      308.37090        3.78999     -434.56533     -430.77534
   4200      291.86608        3.58744     -434.37904     -430.79160
   4250      320.99337        3.94183     -434.73460     -430.79277
   4300      287.85862        3.54481     -434.33750     -430.79270
   4350      303.47740        3.72700     -434.52601     -430.79901
   4400      290.36122        3.56732     -434.35400     -430.78668
   4450      321.72859        3.95436     -434.74913     -430.79477
   4500      309.52885        3.80870     -434.61232     -430.80362
   4550      280.20363        3.44366     -434.22985     -430.78619
   4600      332.17182        4.08545     -434.85156     -430.76610
   4650      296.05257        3.64072     -434.40301     -430.76230
   4700      289.25243        3.56068     -434.32905     -430.76837
   4750      317.91159        3.90974     -434.66919     -430.75945
   4800      308.39965        3.79426     -434.56158     -430.76732
   4850      306.45848        3.76649     -434.53246     -430.76598
   4900      327.01320        4.01893     -434.81839     -430.79945
   4950      303.29558        3.73364     -434.52165     -430.78801
   5000      290.62437        3.57134     -434.36050     -430.78917
   5050      306.76116        3.77921     -434.56110     -430.78188
   5100      311.20659        3.82745     -434.59828     -430.77083
   5150      321.40819        3.94749     -434.73869     -430.79119
   5200      285.72032        3.51081     -434.28590     -430.77509
   5250      302.50001        3.71727     -434.50947     -430.79219
   5300      306.45544        3.76654     -434.54805     -430.78150
   5350      292.25190        3.59521     -434.35030     -430.75509
   5400      320.80605        3.94077     -434.71908     -430.77831
   5450      293.74640        3.60810     -434.37279     -430.76469
   5500      276.37732        3.39617     -434.16993     -430.77376
   5550      316.35560        3.89542     -434.67866     -430.78324
   5600      308.33602        3.78767     -434.57174     -430.78407
   5650      286.27300        3.51877     -434.27213     -430.75336
   5700      304.35244        3.73840     -434.49137     -430.75296
   5750      288.71078        3.54555     -434.30635     -430.76079
   5800      326.13254        4.00678     -434.74930     -430.74251
   5850      301.33276        3.70203     -434.44026     -430.73823
   5900      310.32045        3.82263     -434.56496     -430.74233
   5950      299.79109        3.69253     -434.43229     -430.73976
   6000      321.92856        3.95969     -434.70436     -430.74467
   6050      299.61201        3.68247     -434.43834     -430.75587
   6100      313.91858        3.85660     -434.61430     -430.75770
   6150      314.48515        3.86442     -434.65033     -430.78591
   6200      285.07423        3.50284     -434.28069     -430.77784
   6250      300.90578        3.70173     -434.47485     -430.77312
   6300      322.51004        3.96568     -434.74085     -430.77517
   6350      299.34978        3.67958     -434.44697     -430.76739
   6400      332.45923        4.08523     -434.85647     -430.77124
   6450      334.50880        4.10845     -434.88319     -430.77474
   6500      333.48775        4.09764     -434.88078     -430.78314
   6550      315.05472        3.87071     -434.66053     -430.78982
   6600      304.49823        3.74718     -434.55510     -430.80792
   6650      302.91583        3.72289     -434.51870     -430.79581
   6700      307.09458        3.77390     -434.59610     -430.82219
   6750      308.37033        3.79090     -434.63708     -430.84618
   6800      316.27185        3.88421     -434.72652     -430.84230
   6850      287.90451        3.54419     -434.38528     -430.84110
   6900      321.31725        3.96217     -434.81298     -430.85081
   6950      318.57820        3.92327     -434.77497     -430.85170
   7000      317.99233        3.90892     -434.75800     -430.84908
   7050      286.80535        3.52223     -434.36268     -430.84046
   7100      324.16715        3.98239     -434.80462     -430.82223
   7150      268.49144        3.29796     -434.13257     -430.83462
   7200      295.71685        3.64171     -434.48516     -430.84345
   7250      299.69120        3.68074     -434.52131     -430.84057
   7300      278.99220        3.43003     -434.28693     -430.85691
   7350      299.90320        3.68816     -434.55994     -430.87178
   7400      334.50435        4.11113     -434.99111     -430.87998
   7450      311.08856        3.82288     -434.69052     -430.86764
   7500      296.04474        3.64093     -434.52508     -430.88416
   7550      323.42236        3.97712     -434.86507     -430.88794
   7600      338.81994        4.16712     -435.05295     -430.88583
   7650      273.35120        3.35986     -434.25093     -430.89108
   7700      301.61585        3.71165     -434.61310     -430.90145
   7750      258.11719        3.17502     -434.06902     -430.89400
   7800      334.56152        4.10938     -434.99026     -430.88088
   7850      262.85904        3.23044     -434.08041     -430.84997
   7900      358.44025        4.40483     -435.27599     -430.87115
   7950      287.17601        3.52691     -434.40026     -430.87335
   8000      311.53927        3.82709     -434.68736     -430.86027
   8050      322.52611        3.96182     -434.80684     -430.84502
   8100      302.81619        3.72294     -434.57232     -430.84938
   8150      353.23504        4.33817     -435.15875     -430.82058
   8200      272.74199        3.35565     -434.17835     -430.82270
   8250      282.67773        3.47475     -434.28599     -430.81123
   8300      306.63663        3.77448     -434.59910     -430.82462
   8350      291.76659        3.58697     -434.43296     -430.84598
   8400      312.13759        3.83402     -434.67080     -430.83678
   8450      320.75701        3.94007     -434.75247     -430.81240
   8500      325.85308        4.00401     -434.82405     -430.82004
   8550      296.40941        3.64039     -434.46674     -430.82636
   8600      339.98331        4.18132     -434.98693     -430.80560
   8650      301.09432        3.70552     -434.49240     -430.78689
   8700      309.41338        3.80436     -434.61950     -430.81513
   8750      317.40167        3.90626     -434.71207     -430.80581
   8800      304.85703        3.74536     -434.55013     -430.80477
   8850      343.64117        4.22363     -435.03306     -430.80942
   8900      322.18148        3.95924     -434.77469     -430.81545
   8950      288.96881        3.55458     -434.36660     -430.81202
   9000      296.78954        3.64774     -434.47856     -430.83081
   9050      315.27371        3.88212     -434.73522     -430.85311
   9100      295.45751        3.63173     -434.46727     -430.83554
   9150      267.35615        3.28516     -434.13915     -430.85399
   9200      288.26546        3.54484     -434.39481     -430.84997
   9250      284.71358        3.50335     -434.36602     -430.86267
   9300      297.57322        3.66078     -434.51298     -430.85220
   9350      278.54771        3.42368     -434.29135     -430.86768
   9400      267.12313        3.28460     -434.12731     -430.84272
   9450      308.33986        3.78820     -434.61792     -430.82971
   9500      315.92247        3.88259     -434.70967     -430.82708
   9550      262.01567        3.22127     -434.05537     -430.83411
   9600      285.79596        3.51502     -434.34654     -430.83152
   9650      300.61162        3.69450     -434.53657     -430.84207
   9700      279.19176        3.43339     -434.28301     -430.84963
   9750      323.13348        3.97373     -434.81129     -430.83756
   9800      306.04726        3.76063     -434.59723     -430.83661
   9850      304.98010        3.75321     -434.58284     -430.82963
   9900      328.05302        4.03714     -434.88351     -430.84637
   9950      312.03289        3.83552     -434.68936     -430.85384
  10000      322.38755        3.95952     -434.80039     -430.84088
  10050      326.48032        4.01138     -434.86997     -430.85860
  10100      274.47036        3.37460     -434.23650     -430.86191
  10150      312.41479        3.84216     -434.70560     -430.86344
  10200      317.90421        3.90557     -434.75730     -430.85173
  10250      296.03977        3.63622     -434.51419     -430.87797
  10300      318.43281        3.91114     -434.79348     -430.88234
  10350      283.38481        3.48229     -434.36803     -430.88573
  10400      295.69336        3.63578     -434.52814     -430.89236
  10450      317.32847        3.89851     -434.79719     -430.89868
  10500      279.80264        3.43714     -434.34269     -430.90556
  10550      321.90376        3.95370     -434.84860     -430.89490
  10600      319.84607        3.93075     -434.82334     -430.89258
  10650      301.76832        3.70727     -434.58650     -430.87923
  10700      332.37198        4.08506     -434.97060     -430.88554
  10750      305.18078        3.75267     -434.65089     -430.89822
  10800      307.26852        3.78405     -434.67514     -430.89110
  10850      303.15946        3.72720     -434.62989     -430.90269
  10900      298.96176        3.67824     -434.55644     -430.87820
  10950      300.12553        3.68854     -434.56160     -430.87306
  11000      297.36132        3.65495     -434.52365     -430.86870
  11050      302.37238        3.71472     -434.57945     -430.86473
  11100      325.91073        4.00802     -434.85417     -430.84615
  11150      309.87398        3.81303     -434.63612     -430.82309
  11200      314.61261        3.86853     -434.69378     -430.82526
  11250      321.38793        3.94879     -434.77752     -430.82873
  11300      307.25989        3.78048     -434.61751     -430.83703
  11350      284.81076        3.49828     -434.34358     -430.84531
  11400      336.92492        4.13861     -434.96491     -430.82630
  11450      328.92237        4.04161     -434.84379     -430.80218
  11500      272.06613        3.34362     -434.13309     -430.78947
  11550      307.86828        3.78569     -434.57920     -430.79352
  11600      266.05771        3.26858     -434.05954     -430.79096
  11650      303.53289        3.73019     -434.52408     -430.79390
  11700      306.69854        3.77337     -434.56954     -430.79617
  11750      317.59604        3.90889     -434.70140     -430.79250
  11800      309.18963        3.80061     -434.59995     -430.79934
  11850      324.23022        3.98244     -434.77269     -430.79025
  11900      307.88667        3.78265     -434.59571     -430.81306
  11950      298.06940        3.66140     -434.48105     -430.81965
  12000      310.09962        3.80925     -434.61991     -430.81066
  12050      285.99781        3.51808     -434.34083     -430.82275
  12100      346.12367        4.25172     -435.07374     -430.82202
  12150      349.59205        4.29608     -435.10040     -430.80431
  12200      304.99774        3.74832     -434.53950     -430.79118
  12250      355.63022        4.37061     -435.17150     -430.80089
  12300      317.45595        3.90181     -434.67984     -430.77803
  12350      287.72447        3.53472     -434.30555     -430.77083
  12400      314.82808        3.87197     -434.66106     -430.78909
  12450      317.05507        3.89866     -434.65880     -430.76014
  12500      315.50093        3.87933     -434.63590     -430.75657
  12550      348.12937        4.27866     -435.04883     -430.77016
  12600      312.30334        3.83914     -434.59078     -430.75164
  12650      304.68027        3.74643     -434.48543     -430.73900
  12700      329.07290        4.04928     -434.77822     -430.72894
  12750      296.72740        3.64395     -434.35482     -430.71088
  12800      334.70110        4.11485     -434.82076     -430.70592
  12850      322.24238        3.95759     -434.64554     -430.68795
  12900      333.80522        4.10666     -434.78727     -430.68061
  12950      318.41962        3.91464     -434.59707     -430.68243
  13000      305.09001        3.75244     -434.44531     -430.69288
  13050      308.66840        3.79899     -434.49614     -430.69715
  13100      308.30443        3.78789     -434.47031     -430.68242
  13150      342.19261        4.20314     -434.89561     -430.69248
  13200      311.25739        3.82574     -434.51879     -430.69306
  13250      313.20531        3.84778     -434.54213     -430.69436
  13300      322.87959        3.96544     -434.65222     -430.68678
  13350      302.16583        3.71429     -434.40165     -430.68736
  13400      335.92907        4.12825     -434.82047     -430.69222
  13450      315.30288        3.87825     -434.60343     -430.72518
  13500      307.65558        3.77887     -434.51776     -430.73889
  13550      300.55732        3.69158     -434.41473     -430.72316
  13600      310.69717        3.81599     -434.53877     -430.72278
  13650      307.04825        3.77273     -434.48809     -430.71536
  13700      311.90966        3.83854     -434.54483     -430.70629
  13750      302.87578        3.72722     -434.41665     -430.68943
  13800      316.07629        3.88612     -434.58115     -430.69503
  13850      317.14644        3.91224     -434.60475     -430.69252
  13900      327.24580        4.02327     -434.71279     -430.68952
  13950      306.02350        3.76067     -434.44193     -430.68125
  14000      287.35912        3.53490     -434.22743     -430.69253
  14050      296.00256        3.63984     -434.32436     -430.68451
  14100      336.87351        4.14015     -434.84453     -430.70438
  14150      300.46169        3.69357     -434.37835     -430.68479
  14200      299.90825        3.68373     -434.37042     -430.68669
  14250      342.22229        4.20355     -434.90029     -430.69674
  14300      319.48537        3.92403     -434.62504     -430.70100
  14350      339.02683        4.17030     -434.87058     -430.70027
  14400      282.38099        3.47391     -434.16924     -430.69533
  14450      306.27948        3.76152     -434.44434     -430.68282
  14500      317.12342        3.89577     -434.56007     -430.66431
  14550      290.69208        3.57304     -434.24576     -430.67272
  14600      320.64101        3.93940     -434.61308     -430.67368
  14650      312.49487        3.83903     -434.49758     -430.65855
  14700      294.35939        3.62459     -434.27064     -430.64605
  14750      314.33802        3.86765     -434.50879     -430.64115
  14800      336.48781        4.13372     -434.76554     -430.63181
  14850      347.12771        4.26518     -434.89009     -430.62491
  14900      328.03230        4.03700     -434.68422     -430.64722
  14950      302.74743        3.72059     -434.36726     -430.64667
  15000      289.45634        3.55805     -434.21434     -430.65628
  15050      302.82745        3.72736     -434.40005     -430.67268
  15100      346.14947        4.25879     -434.92883     -430.67004
  15150      309.20880        3.79787     -434.46762     -430.66975
  15200      303.39349        3.73281     -434.39795     -430.66514
  15250      313.29481        3.85075     -434.51728     -430.66653
  15300      323.88471        3.98197     -434.65301     -430.67104
  15350      309.75413        3.80531     -434.45436     -430.64904
  15400      334.39450        4.10817     -434.76744     -430.65927
  15450      320.79258        3.94634     -434.59822     -430.65188
  15500      291.18700        3.58183     -434.23935     -430.65753
  15550      305.58021        3.76350     -434.44310     -430.67960
  15600      300.56299        3.69536     -434.38861     -430.69325
  15650      341.19953        4.19121     -434.87788     -430.68667
  15700      320.69201        3.94096     -434.63259     -430.69163
  15750      314.25995        3.86238     -434.55432     -430.69194
  15800      309.22180        3.79900     -434.48864     -430.68964
  15850      308.50074        3.79234     -434.47815     -430.68581
  15900      345.79642        4.24908     -434.93791     -430.68883
  15950      318.10690        3.92080     -434.60458     -430.68378
  16000      301.94003        3.71471     -434.40597     -430.69126
  16050      299.94131        3.68770     -434.39058     -430.70288
  16100      296.56956        3.64879     -434.34805     -430.69926
  16150      335.80054        4.13306     -434.83186     -430.69880
  16200      321.33243        3.95144     -434.62646     -430.67503
  16250      317.87904        3.90677     -434.57658     -430.66982
  16300      316.38623        3.89879     -434.56341     -430.66463
  16350      319.08323        3.92091     -434.57609     -430.65518
  16400      298.75134        3.68117     -434.35027     -430.66910
  16450      326.92992        4.03234     -434.69334     -430.66100
  16500      319.56270        3.93134     -434.59803     -430.66669
  16550      324.67049        3.98815     -434.66173     -430.67357
  16600      307.28094        3.77972     -434.44626     -430.66654
  16650      296.34545        3.64041     -434.32176     -430.68135
  16700      337.29294        4.14823     -434.85471     -430.70648
  16750      326.36534        4.01128     -434.71833     -430.70705
  16800      333.61735        4.09910     -434.81302     -430.71393
  16850      342.21765        4.20530     -434.94726     -430.74196
  16900      311.91726        3.84288     -434.60189     -430.75901
  16950      324.72128        3.98874     -434.75250     -430.76376
  17000      340.42050        4.18526     -434.96208     -430.77682
  17050      323.54460        3.97351     -434.74724     -430.77372
  17100      303.68734        3.73252     -434.48229     -430.74977
  17150      322.79955        3.96429     -434.73085     -430.76656
  17200      318.71176        3.92546     -434.67089     -430.74543
  17250      319.34603        3.92696     -434.67123     -430.74427
  17300      313.71048        3.85569     -434.60539     -430.74970
  17350      291.53556        3.58912     -434.33055     -430.74142
  17400      281.43640        3.45835     -434.21587     -430.75752
  17450      327.37986        4.02350     -434.78053     -430.75703
  17500      316.24893        3.88524     -434.62953     -430.74429
  17550      317.57296        3.90314     -434.63423     -430.73110
  17600      284.10130        3.49800     -434.23623     -430.73823
  17650      305.51615        3.75551     -434.49579     -430.74028
  17700      298.49344        3.67065     -434.39277     -430.72212
  17750      282.90140        3.47679     -434.19090     -430.71410
  17800      345.55698        4.25360     -434.97430     -430.72070
  17850      304.39263        3.74539     -434.46008     -430.71469
  17900      273.55333        3.36071     -434.07923     -430.71853
  17950      292.60534        3.59799     -434.30282     -430.70483
  18000      325.65146        4.00019     -434.70625     -430.70605
  18050      321.92957        3.96161     -434.66126     -430.69965
  18100      270.81850        3.32769     -434.03379     -430.70611
  18150      289.99741        3.56153     -434.27123     -430.70969
  18200      333.72978        4.10160     -434.80285     -430.70125
  18250      312.12413        3.83311     -434.53659     -430.70348
  18300      305.46432        3.75388     -434.45663     -430.70275
  18350      285.03060        3.50153     -434.20068     -430.69915
  18400      277.68950        3.41862     -434.11621     -430.69759
  18450      317.77554        3.90545     -434.60102     -430.69557
  18500      316.40263        3.88735     -434.57863     -430.69129
  18550      298.16125        3.66147     -434.36485     -430.70338
  18600      311.12418        3.82558     -434.53955     -430.71398
  18650      320.65287        3.94037     -434.64991     -430.70955
  18700      316.52614        3.88801     -434.58109     -430.69308
  18750      297.91067        3.66166     -434.35598     -430.69432
  18800      340.09215        4.17648     -434.87251     -430.69603
  18850      296.64418        3.64617     -434.34102     -430.69485
  18900      291.18411        3.57920     -434.27585     -430.69665
  18950      311.57270        3.82692     -434.54731     -430.72039
  19000      305.89082        3.76017     -434.48427     -430.72411
  19050      309.72130        3.80849     -434.53225     -430.72377
  19100      316.74588        3.89084     -434.60816     -430.71732
  19150      288.18378        3.54140     -434.25047     -430.70907
  19200      278.30462        3.41817     -434.14655     -430.72838
  19250      270.85020        3.33421     -434.05953     -430.72533
  19300      288.41306        3.54740     -434.26848     -430.72108
  19350      300.66042        3.69430     -434.43032     -430.73602
  19400      324.34700        3.98379     -434.74921     -430.76542
  19450      324.12251        3.98261     -434.73434     -430.75173
  19500      298.51226        3.66729     -434.40453     -430.73724
  19550      363.24016        4.46076     -435.18254     -430.72178
  19600      308.43837        3.79072     -434.51325     -430.72253
  19650      337.62642        4.15525     -434.88249     -430.72724
  19700      318.83670        3.92532     -434.65206     -430.72674
  19750      330.27723        4.05761     -434.76900     -430.71138
  19800      340.85450        4.19222     -434.91561     -430.72340
  19850      334.14837        4.11371     -434.85320     -430.73949
  19900      334.11179        4.10340     -434.84592     -430.74252
  19950      278.68189        3.42441     -434.16336     -430.73895
  20000      321.65442        3.95854     -434.70403     -430.74549
  20050      321.26337        3.95027     -434.68620     -430.73593
  20100      325.95751        4.00978     -434.76639     -430.75662
  20150      350.76883        4.30968     -435.07379     -430.76411
  20200      328.16278        4.03243     -434.78466     -430.75223
  20250      327.46654        4.02153     -434.76989     -430.74836
  20300      323.29410        3.97271     -434.71449     -430.74178
  20350      311.01204        3.82535     -434.56134     -430.73599
  20400      344.23376        4.22955     -434.95556     -430.72602
  20450      339.84914        4.18179     -434.88822     -430.70642
  20500      322.69631        3.96520     -434.68509     -430.71989
  20550      341.92564        4.19970     -434.94339     -430.74369
  20600      294.74174        3.63240     -434.38377     -430.75138
  20650      333.40621        4.10321     -434.86596     -430.76274
  20700      297.47342        3.65414     -434.41182     -430.75768
  20750      305.94032        3.76477     -434.51890     -430.75413
  20800      337.57746        4.15316     -434.91581     -430.76265
  20850      310.53909        3.81759     -434.57291     -430.75532
  20900      291.86768        3.58535     -434.32009     -430.73474
  20950      309.98028        3.80726     -434.55431     -430.74705
  21000      302.02808        3.71850     -434.47908     -430.76058
  21050      317.65066        3.91498     -434.67463     -430.75965
  21100      300.27917        3.69561     -434.46423     -430.76862
  21150      321.41400        3.94962     -434.70974     -430.76012
  21200      296.04235        3.65475     -434.40487     -430.75012
  21250      309.01465        3.81254     -434.56098     -430.74844
  21300      287.28343        3.52872     -434.28316     -430.75444
  21350      300.58134        3.69173     -434.43580     -430.74406
  21400      312.13639        3.83740     -434.58484     -430.74744
  21450      321.18030        3.94590     -434.69206     -430.74616
  21500      316.61159        3.90102     -434.65593     -430.75491
  21550      313.41990        3.85802     -434.60008     -430.74205
  21600      310.63676        3.81836     -434.57032     -430.75196
  21650      310.58816        3.81708     -434.57265     -430.75557
  21700      326.72258        4.01278     -434.75915     -430.74637
  21750      311.42924        3.82654     -434.56856     -430.74202
  21800      294.15676        3.61445     -434.35726     -430.74281
  21850      309.80651        3.80908     -434.54463     -430.73555
  21900      323.04471        3.98426     -434.71895     -430.73469
  21950      307.57193        3.79166     -434.52082     -430.72916
  22000      333.13875        4.09473     -434.82048     -430.72575
  22050      308.95924        3.79605     -434.51211     -430.71606
  22100      310.31775        3.81676     -434.51885     -430.70209
  22150      301.78800        3.71264     -434.40321     -430.69058
  22200      302.21718        3.71440     -434.40428     -430.68988
  22250      306.36760        3.76415     -434.48569     -430.72154
  22300      306.98050        3.77018     -434.50751     -430.73733
  22350      329.35404        4.04691     -434.78987     -430.74297
  22400      319.46305        3.92376     -434.66765     -430.74389
  22450      285.47466        3.50767     -434.24569     -430.73801
  22500      281.52076        3.45727     -434.18142     -430.72415
  22550      330.66363        4.06614     -434.76868     -430.70254
  22600      323.26481        3.97120     -434.67927     -430.70807
  22650      301.03448        3.69886     -434.43380     -430.73494
  22700      314.45111        3.86412     -434.59690     -430.73278
  22750      286.79621        3.52702     -434.26663     -430.73961
  22800      316.63159        3.89358     -434.63685     -430.74327
  22850      311.25638        3.82841     -434.53462     -430.70621
  22900      281.54737        3.45844     -434.16684     -430.70840
  22950      318.29068        3.91589     -434.64152     -430.72563
  23000      309.26357        3.80015     -434.50348     -430.70333
  23050      299.89347        3.68996     -434.40939     -430.71943
  23100      319.52194        3.92650     -434.64629     -430.71979
  23150      297.77786        3.65786     -434.36644     -430.70859
  23200      312.98671        3.84553     -434.56253     -430.71701
  23250      269.80210        3.31369     -434.03340     -430.71971
  23300      332.67137        4.09212     -434.82872     -430.73660
  23350      339.13287        4.17134     -434.91130     -430.73996
  23400      319.56675        3.92826     -434.67718     -430.74892
  23450      320.10321        3.93395     -434.67238     -430.73842
  23500      317.43161        3.90373     -434.65137     -430.74763
  23550      280.40353        3.44566     -434.22225     -430.77659
  23600      313.16785        3.85032     -434.63279     -430.78248
  23650      289.40853        3.55456     -434.32451     -430.76995
  23700      320.29223        3.93888     -434.70579     -430.76691
  23750      307.89885        3.78503     -434.55426     -430.76923
  23800      296.33283        3.64050     -434.40949     -430.76899
  23850      315.96312        3.88451     -434.66393     -430.77942
  23900      295.86155        3.63601     -434.40679     -430.77078
  23950      315.78266        3.88165     -434.64723     -430.76557
  24000      292.32804        3.59291     -434.36780     -430.77489
  24050      316.58279        3.89242     -434.67497     -430.78254
  24100      298.92972        3.67721     -434.46597     -430.78876
  24150      279.50890        3.43725     -434.20597     -430.76872
  24200      297.27694        3.65194     -434.41462     -430.76268
  24250      316.13867        3.88838     -434.64078     -430.75239
  24300      298.32324        3.67144     -434.39350     -430.72206
  24350      352.25507        4.33353     -435.06104     -430.72750
  24400      306.83403        3.77359     -434.50687     -430.73327
  24450      308.42359        3.79196     -434.54390     -430.75194
  24500      300.14194        3.68781     -434.41055     -430.72274
  24550      291.67984        3.58414     -434.31141     -430.72726
  24600      292.36320        3.59438     -434.32050     -430.72612
  24650      277.11799        3.40866     -434.15092     -430.74226
  24700      324.81780        3.99289     -434.73630     -430.74341
  24750      301.12400        3.70068     -434.45750     -430.75682
  24800      294.39488        3.61891     -434.36967     -430.75076
  24850      315.78971        3.88303     -434.63821     -430.75518
  24900      331.28094        4.06921     -434.83806     -430.76885
  24950      334.96410        4.11727     -434.86938     -430.75211
  25000      323.00781        3.97319     -434.73517     -430.76198
  25050      309.09789        3.79969     -434.55542     -430.75573
  25100      296.50431        3.64298     -434.38775     -430.74477
  25150      298.49873        3.66755     -434.40074     -430.73319
  25200      278.10111        3.42154     -434.13433     -430.71279
  25250      300.42289        3.69447     -434.40331     -430.70884
  25300      310.40856        3.81579     -434.52908     -430.71329
  25350      293.15007        3.60548     -434.30494     -430.69946
  25400      310.09288        3.81200     -434.49007     -430.67807
  25450      276.72504        3.40393     -434.08520     -430.68127
  25500      329.22703        4.04678     -434.74625     -430.69947
  25550      296.78767        3.64877     -434.34867     -430.69990
  25600      312.27008        3.83463     -434.55015     -430.71552
  25650      305.29250        3.74883     -434.46286     -430.71403
  25700      317.22993        3.89744     -434.61524     -430.71780
  25750      315.18991        3.87620     -434.58410     -430.70790
  25800      297.36336        3.65441     -434.34876     -430.69435
  25850      304.87098        3.74690     -434.44341     -430.69651
  25900      301.10755        3.70120     -434.40145     -430.70025
  25950      322.93873        3.96977     -434.65437     -430.68460
  26000      293.74547        3.60769     -434.30004     -430.69235
  26050      322.54478        3.96183     -434.66303     -430.70120
  26100      345.01011        4.23810     -434.92632     -430.68823
  26150      317.78571        3.90639     -434.58668     -430.68029
  26200      329.82879        4.05664     -434.71131     -430.65467
  26250      310.91630        3.82768     -434.46710     -430.63942
  26300      343.78136        4.22443     -434.91103     -430.68660
  26350      296.97823        3.65082     -434.31140     -430.66058
  26400      336.46910        4.14320     -434.77532     -430.63212
  26450      314.46421        3.86873     -434.48151     -430.61278
  26500      308.50580        3.78861     -434.37465     -430.58604
  26550      299.41467        3.67794     -434.25904     -430.58110
  26600      302.91235        3.72225     -434.27054     -430.54829
  26650      331.92178        4.07675     -434.64235     -430.56559
  26700      312.32565        3.83587     -434.40719     -430.57132
  26750      322.70975        3.97182     -434.53043     -430.55861
  26800      330.62811        4.06602     -434.62688     -430.56087
  26850      308.70100        3.80448     -434.36277     -430.55829
  26900      324.73648        3.99440     -434.55759     -430.56319
  26950      321.26807        3.94683     -434.50160     -430.55477
  27000      283.10480        3.47875     -434.00497     -430.52622
  27050      350.15803        4.30287     -434.82849     -430.52562
  27100      330.32805        4.05777     -434.56958     -430.51181
  27150      315.91034        3.88044     -434.38053     -430.50009
  27200      316.23526        3.88529     -434.38197     -430.49668
  27250      306.82279        3.76876     -434.26189     -430.49313
  27300      306.39504        3.76427     -434.25063     -430.48637
  27350      327.30690        4.02054     -434.49403     -430.47350
  27400      350.65704        4.30791     -434.78711     -430.47920
  27450      323.91025        3.97942     -434.45304     -430.47362
  27500      306.49260        3.76484     -434.23986     -430.47502
  27550      356.66073        4.38551     -434.87329     -430.48777
  27600      322.44592        3.96860     -434.45940     -430.49080
  27650      299.07264        3.67456     -434.16940     -430.49484
  27700      324.34850        3.99257     -434.49882     -430.50625
  27750      312.59374        3.84188     -434.34957     -430.50769
  27800      386.24256        4.75437     -435.25557     -430.50120
  27850      299.50708        3.67879     -434.17032     -430.49153
  27900      313.08204        3.84584     -434.34302     -430.49718
  27950      329.80202        4.05487     -434.54772     -430.49286
  28000      314.32590        3.86123     -434.35230     -430.49107
  28050      301.38925        3.70262     -434.19488     -430.49226
  28100      328.33198        4.04090     -434.52472     -430.48381
  28150      327.92733        4.03323     -434.53810     -430.50487
  28200      307.99160        3.79115     -434.28747     -430.49632
  28250      306.82802        3.77394     -434.27066     -430.49672
  28300      323.10672        3.96994     -434.48789     -430.51794
  28350      320.82736        3.94162     -434.45927     -430.51765
  28400      310.01184        3.81359     -434.32580     -430.51221
  28450      305.50049        3.75264     -434.26123     -430.50858
  28500      303.11434        3.73840     -434.25195     -430.51356
  28550      326.74122        4.01511     -434.54239     -430.52729
  28600      290.39121        3.57171     -434.11056     -430.53885
  28650      333.63407        4.09892     -434.63710     -430.53818
  28700      318.85398        3.91894     -434.42969     -430.51075
  28750      310.56761        3.83011     -434.34984     -430.51973
  28800      343.99891        4.24014     -434.75246     -430.51232
  28850      319.08912        3.92181     -434.41557     -430.49376
  28900      320.71172        3.94168     -434.46495     -430.52328
  28950      296.15258        3.64739     -434.15520     -430.50781
  29000      334.60401        4.11175     -434.57947     -430.46772
  29050      316.10042        3.88335     -434.35059     -430.46724
  29100      299.20082        3.67960     -434.13057     -430.45097
  29150      343.66717        4.22965     -434.66778     -430.43813
  29200      339.11866        4.16757     -434.58746     -430.41989
  29250      313.02510        3.84588     -434.24216     -430.39628
  29300      295.19658        3.62898     -434.03124     -430.40227
  29350      355.45518        4.36708     -434.76349     -430.39641
  29400      333.49360        4.10296     -434.51858     -430.41563
  29450      318.35567        3.91318     -434.31574     -430.40255
  29500      315.56131        3.87840     -434.30629     -430.42789
  29550      350.46823        4.32377     -434.73835     -430.41458
  29600      302.40322        3.72087     -434.11690     -430.39603
  29650      352.55410        4.33616     -434.75681     -430.42065
  29700      343.83795        4.22923     -434.63853     -430.40930
  29750      298.34299        3.67110     -434.07637     -430.40527
  29800      328.75482        4.04417     -434.45873     -430.41455
  29850      308.94614        3.79537     -434.19396     -430.39859
  29900      331.12355        4.07555     -434.47402     -430.39847
  29950      339.69189        4.18420     -434.59785     -430.41365
  30000      315.30005        3.88197     -434.28848     -430.40651
  30050      313.37150        3.85058     -434.28073     -430.43015
  30100      301.62178        3.70619     -434.12197     -430.41577
  30150      350.99669        4.31068     -434.71450     -430.40381
  30200      341.20096        4.19310     -434.58461     -430.39151
  30250      319.95368        3.93532     -434.32072     -430.38540
  30300      330.37790        4.06217     -434.42327     -430.36110
  30350      322.70510        3.97261     -434.33202     -430.35941
  30400      334.27892        4.12224     -434.46615     -430.34391
  30450      329.30692        4.04920     -434.39492     -430.34572
  30500      330.26120        4.05774     -434.41061     -430.35287
  30550      332.06142        4.07825     -434.45461     -430.37636
  30600      336.17382        4.12867     -434.49934     -430.37067
  30650      301.58487        3.70841     -434.06350     -430.35509
  30700      340.61399        4.18948     -434.53365     -430.34417
  30750      327.31170        4.02781     -434.36957     -430.34176
  30800      318.27106        3.91523     -434.26101     -430.34578
  30850      326.51471        4.01285     -434.37226     -430.35940
  30900      293.67770        3.60970     -433.96313     -430.35343
  30950      333.03381        4.09829     -434.43665     -430.33835
  31000      329.07773        4.04878     -434.36829     -430.31951
  31050      293.73986        3.61008     -433.90581     -430.29573
  31100      335.13021        4.11812     -434.40806     -430.28994
  31150      319.14185        3.92396     -434.19801     -430.27405
  31200      336.78016        4.14223     -434.42587     -430.28364
  31250      328.50900        4.03753     -434.30965     -430.27212
  31300      365.37573        4.49059     -434.76867     -430.27808
  31350      319.47213        3.92696     -434.19118     -430.26422
  31400      328.30585        4.04161     -434.33170     -430.29009
  31450      330.58553        4.06016     -434.34852     -430.28836
  31500      328.73100        4.03901     -434.34352     -430.30451
  31550      329.66984        4.05605     -434.35483     -430.29878
  31600      330.23678        4.06172     -434.36801     -430.30628
  31650      340.78101        4.18607     -434.48746     -430.30139
  31700      337.24607        4.14239     -434.44745     -430.30506
  31750      314.97677        3.87284     -434.19529     -430.32245
  31800      291.65733        3.58915     -433.91629     -430.32713
  31850      346.50257        4.26297     -434.61508     -430.35211
  31900      325.18565        3.99683     -434.34363     -430.34680
  31950      298.57063        3.67435     -434.00658     -430.33223
  32000      322.58018        3.96675     -434.26679     -430.30005
  32050      332.60372        4.09516     -434.39642     -430.30126
  32100      318.80566        3.92381     -434.22471     -430.30091
  32150      307.13121        3.77239     -434.08651     -430.31412
  32200      331.14974        4.06713     -434.39572     -430.32859
  32250      319.19226        3.92265     -434.21683     -430.29418
  32300      284.34899        3.50113     -433.79914     -430.29801
  32350      337.28715        4.14270     -434.45578     -430.31309
  32400      322.68604        3.96589     -434.29172     -430.32583
  32450      332.67594        4.08936     -434.41161     -430.32225
  32500      325.61407        4.00263     -434.32378     -430.32114
  32550      355.82742        4.37002     -434.70445     -430.33443
  32600      297.64867        3.65730     -433.96572     -430.30842
  32650      300.87204        3.69694     -433.99361     -430.29667
  32700      356.62099        4.38670     -434.69465     -430.30795
  32750      336.28129        4.14919     -434.45660     -430.30741
  32800      281.03001        3.45563     -433.76174     -430.30611
  32850      323.84920        3.97703     -434.27391     -430.29687
  32900      332.25996        4.08365     -434.34997     -430.26632
  32950      359.32229        4.41570     -434.68418     -430.26848
  33000      311.39042        3.82499     -434.09101     -430.26602
  33050      324.05814        3.98060     -434.25247     -430.27187
  33100      342.90277        4.21392     -434.47041     -430.25650
  33150      320.12437        3.94527     -434.21361     -430.26834
  33200      329.66287        4.05253     -434.32277     -430.27024
  33250      356.04413        4.37637     -434.63905     -430.26267
  33300      338.89595        4.16627     -434.42574     -430.25947
  33350      339.92311        4.17428     -434.43502     -430.26074
  33400      303.34032        3.72827     -433.97317     -430.24489
  33450      363.10571        4.46113     -434.71445     -430.25332
  33500      341.26918        4.19853     -434.43370     -430.23517
  33550      344.00582        4.24146     -434.47245     -430.23100
  33600      347.16149        4.26752     -434.49073     -430.22322
  33650      339.01777        4.16362     -434.38997     -430.22635
  33700      360.26967        4.42492     -434.63733     -430.21240
  33750      342.61950        4.20823     -434.41965     -430.21141
  33800      347.62953        4.27196     -434.46804     -430.19609
  33850      338.06999        4.15158     -434.33842     -430.18684
  33900      336.81038        4.14539     -434.33493     -430.18954
  33950      369.64130        4.55351     -434.72739     -430.17388
  34000      343.70784        4.23085     -434.40319     -430.17233
  34050      299.23230        3.67558     -433.84184     -430.16626
  34100      353.34285        4.34116     -434.50880     -430.16763
  34150      325.34237        3.99944     -434.16106     -430.16162
  34200      356.06810        4.37631     -434.56168     -430.18537
  34250      309.34430        3.79874     -433.98940     -430.19066
  34300      358.28371        4.41246     -434.59103     -430.17857
  34350      338.20827        4.16159     -434.32916     -430.16756
  34400      330.14970        4.06337     -434.22053     -430.15716
  34450      307.69781        3.77838     -433.93566     -430.15728
  34500      329.22717        4.04985     -434.20263     -430.15278
  34550      348.52855        4.29527     -434.46868     -430.17341
  34600      345.57723        4.24433     -434.42215     -430.17781
  34650      322.94184        3.96837     -434.14007     -430.17170
  34700      338.96980        4.16547     -434.36020     -430.19473
  34750      353.50490        4.35607     -434.57019     -430.21412
  34800      320.09455        3.93847     -434.15304     -430.21457
  34850      331.54776        4.07386     -434.26886     -430.19499
  34900      357.63277        4.39278     -434.60945     -430.21666
  34950      330.71807        4.06282     -434.28802     -430.22519
  35000      344.26991        4.22797     -434.43753     -430.20956
  35050      357.02095        4.38607     -434.59880     -430.21274
  35100      333.66578        4.09791     -434.31307     -430.21516
  35150      351.44016        4.31877     -434.53928     -430.22051
  35200      311.35157        3.83349     -434.05137     -430.21789
  35250      333.73505        4.10004     -434.31605     -430.21601
  35300      333.52538        4.09716     -434.30067     -430.20350
  35350      354.37018        4.35507     -434.55667     -430.20159
  35400      291.17059        3.57744     -433.77497     -430.19753
  35450      320.36543        3.93547     -434.12594     -430.19046
  35500      321.11563        3.95229     -434.15544     -430.20315
  35550      345.45358        4.24908     -434.42360     -430.17452
  35600      311.18063        3.83048     -434.01445     -430.18397
  35650      337.41345        4.14479     -434.34154     -430.19675
  35700      334.39632        4.10867     -434.31411     -430.20545
  35750      333.44535        4.10066     -434.29474     -430.19408
  35800      281.81332        3.46216     -433.66392     -430.20176
  35850      339.29085        4.16958     -434.35662     -430.18704
  35900      312.25669        3.84061     -434.03850     -430.19789
  35950      325.50553        3.99811     -434.20614     -430.20802
