#    Averaged Non-Adiabatic Coupling Matrix Eliments: off-diagonal
       0     0.00002734
       1     0.00002725
       2     0.00002669
       3     0.00002568
       4     0.00002432
       5     0.00002259
       6     0.00002057
       7     0.00001832
       8     0.00001597
       9     0.00001353
      10     0.00001215
      11     0.00001301
      12     0.00063590
      13     0.00019939
      14     0.00048781
      15     0.00033639
      16     0.00031797
      17     0.00032159
      18     0.00033109
      19     0.00069397
      20     0.00056859
      21     0.00053834
      22     0.00052747
      23     0.00052233
      24     0.00052153
      25     0.00052173
      26     0.00052165
      27     0.00052115
      28     0.00052003
      29     0.00051823
      30     0.00051569
      31     0.00051231
      32     0.00050806
      33     0.00050295
      34     0.00103004
      35     0.00067902
      36     0.00062158
      37     0.00059249
      38     0.00057129
      39     0.00055285
      40     0.00053538
      41     0.00051817
      42     0.00050088
      43     0.00048334
      44     0.00046550
      45     0.00044734
      46     0.00042890
      47     0.00041025
      48     0.00039151
      49     0.00037284
      50     0.00035442
      51     0.00033638
      52     0.00031890
      53     0.00030213
      54     0.00028621
      55     0.00027123
      56     0.00025727
      57     0.00024438
      58     0.00023260
      59     0.00022194
      60     0.00021240
      61     0.00020397
      62     0.00019662
      63     0.00019031
      64     0.00018499
      65     0.00018062
      66     0.00017704
      67     0.00017433
      68     0.00017236
      69     0.00017107
      70     0.00017044
      71     0.00017062
      72     0.00017122
      73     0.00017263
      74     0.00017454
      75     0.00017722
      76     0.00018644
      77     0.00020278
      78     0.00022025
      79     0.00023899
      80     0.00025905
      81     0.00028037
      82     0.00030258
      83     0.00032817
      84     0.00036555
      85     0.00040278
      86     0.00043737
      87     0.00046724
      88     0.00049135
      89     0.00051059
      90     0.00052791
      91     0.00054724
      92     0.00057386
      93     0.00061373
      94     0.00067410
      95     0.00076454
      96     0.00089837
      97     0.00109424
      98     0.00137565
      99     0.00176175
     100     0.00223200
     101     0.00265695
     102     0.00279823
     103     0.00254338
     104     0.00206576
     105     0.00159062
     106     0.00121420
     107     0.00095525
     108     0.00078575
     109     0.00068432
     110     0.00063912
     111     0.00064887
     112     0.00072394
     113     0.00089777
     114     0.00126195
     115     0.00211654
     116     0.00495762
     117     0.01590522
     118     0.00795242
     119     0.00501786
     120     0.00516681
     121     0.00370298
     122     0.00256469
     123     0.00198046
     124     0.00178968
     125     0.00193824
     126     0.00228511
     127     0.00278660
     128     0.00331161
     129     0.00361857
     130     0.00356810
     131     0.00330144
     132     0.00303915
     133     0.00285995
     134     0.00271862
     135     0.00259919
     136     0.00251307
     137     0.00249308
     138     0.00257418
     139     0.00278444
     140     0.00415043
     141     0.00413935
     142     0.00359864
     143     0.00302331
     144     0.00268590
     145     0.00262849
     146     0.00282376
     147     0.00317413
     148     0.00342165
     149     0.00328732
     150     0.00287690
     151     0.00241373
     152     0.00308048
     153     0.00243272
     154     0.00225346
     155     0.00244110
     156     0.00301835
     157     0.00393743
     158     0.00470271
     159     0.00447667
     160     0.00352043
     161     0.00262522
     162     0.00200242
     163     0.00157572
     164     0.00195926
     165     0.00143105
     166     0.00110244
     167     0.00088806
     168     0.00074305
     169     0.00064277
     170     0.00065720
     171     0.00068687
     172     0.00071315
     173     0.00073824
     174     0.00076419
     175     0.00079225
     176     0.00082378
     177     0.00085992
     178     0.00090170
     179     0.00094976
     180     0.00100335
     181     0.00106030
     182     0.00111656
     183     0.00117007
     184     0.00122850
     185     0.00131710
     186     0.00147630
     187     0.00166980
     188     0.00155576
     189     0.00121536
     190     0.00097053
     191     0.00082437
     192     0.00073903
     193     0.00069380
     194     0.00067998
     195     0.00069670
     196     0.00075028
     197     0.00085446
     198     0.00101733
     199     0.00114324
     200     0.00100394
     201     0.00073931
     202     0.00054024
     203     0.00041038
     204     0.00032387
     205     0.00026360
     206     0.00021982
     207     0.00018691
     208     0.00016144
     209     0.00014124
     210     0.00012487
     211     0.00011138
     212     0.00010010
     213     0.00009053
     214     0.00008226
     215     0.00007500
     216     0.00006975
     217     0.00006564
     218     0.00006206
     219     0.00005892
     220     0.00005659
     221     0.00005553
     222     0.00005468
     223     0.00005398
     224     0.00005341
     225     0.00005288
     226     0.00005239
     227     0.00005190
     228     0.00005136
     229     0.00005082
     230     0.00005023
     231     0.00004957
     232     0.00004884
     233     0.00004802
     234     0.00004711
     235     0.00004612
     236     0.00004503
     237     0.00004386
     238     0.00004260
     239     0.00004126
     240     0.00003985
     241     0.00003839
     242     0.00003945
     243     0.00004138
     244     0.00004326
     245     0.00004515
     246     0.00004697
     247     0.00004875
     248     0.00005050
     249     0.00005221
     250     0.00005390
     251     0.00005551
     252     0.00005714
     253     0.00005875
     254     0.00006035
     255     0.00006355
     256     0.00006723
     257     0.00007093
     258     0.00007465
     259     0.00007839
     260     0.00008212
     261     0.00008589
     262     0.00008958
     263     0.00009322
     264     0.00009680
     265     0.00010020
     266     0.00010342
     267     0.00010642
     268     0.00010909
     269     0.00011132
     270     0.00011306
     271     0.00011415
     272     0.00011462
     273     0.00011430
     274     0.00011317
     275     0.00011115
     276     0.00010822
     277     0.00010437
     278     0.00009967
     279     0.00009419
     280     0.00008810
     281     0.00008806
     282     0.00009227
     283     0.00009604
     284     0.00009925
     285     0.00010198
     286     0.00011001
     287     0.00012025
     288     0.00012971
     289     0.00013827
     290     0.00014581
     291     0.00015228
     292     0.00015763
     293     0.00016187
     294     0.00016492
     295     0.00016675
     296     0.00016749
     297     0.00016707
     298     0.00016549
     299     0.00016268
     300     0.00015875