#    Averaged electronic coherence
       0     0.00000000
       1     0.00000007
       2     0.00000002
       3     0.00000004
       4     0.00000004
       5     0.00000001
       6     0.00000005
       7     0.00000001
       8     0.00000004
       9     0.00000002
      10     0.00000003
      11     0.00000002
      12     0.00003432
      13     0.00005079
      14     0.00003597
      15     0.00007059
      16     0.00002670
      17     0.00006793
      18     0.00004405
      19     0.00005114
      20     0.00009986
      21     0.00002857
      22     0.00008034
      23     0.00007987
      24     0.00003222
      25     0.00008767
      26     0.00007517
      27     0.00003923
      28     0.00007933
      29     0.00008258
      30     0.00004950
      31     0.00006140
      32     0.00008426
      33     0.00007141
      34     0.00008265
      35     0.00013625
      36     0.00010874
      37     0.00012111
      38     0.00011037
      39     0.00008237
      40     0.00012998
      41     0.00013980
      42     0.00007886
      43     0.00008933
      44     0.00013585
      45     0.00011814
      46     0.00009499
      47     0.00010408
      48     0.00010244
      49     0.00010291
      50     0.00012271
      51     0.00011701
      52     0.00008284
      53     0.00008171
      54     0.00012002
      55     0.00013338
      56     0.00009979
      57     0.00007200
      58     0.00008882
      59     0.00012157
      60     0.00012480
      61     0.00009839
      62     0.00007836
      63     0.00008664
      64     0.00010941
      65     0.00011955
      66     0.00010765
      67     0.00008864
      68     0.00008258
      69     0.00009418
      70     0.00011080
      71     0.00011602
      72     0.00010530
      73     0.00009001
      74     0.00008481
      75     0.00009284
      76     0.00010568
      77     0.00011306
      78     0.00011130
      79     0.00010545
      80     0.00010260
      81     0.00010324
      82     0.00010368
      83     0.00010356
      84     0.00010431
      85     0.00010468
      86     0.00010407
      87     0.00010575
      88     0.00011492
      89     0.00013765
      90     0.00017968
      91     0.00024298
      92     0.00032860
      93     0.00044690
      94     0.00062463
      95     0.00090984
      96     0.00139314
      97     0.00226640
      98     0.00393055
      99     0.00713443
     100     0.01296083
     101     0.02206064
     102     0.03293290
     103     0.04202194
     104     0.04724898
     105     0.04939564
     106     0.05003118
     107     0.05015000
     108     0.05016361
     109     0.05018786
     110     0.05023258
     111     0.05029213
     112     0.05038766
     113     0.05060515
     114     0.05120050
     115     0.05310195
     116     0.06188601
     117     0.10444841
     118     0.09049708
     119     0.08776795
     120     0.09969502
     121     0.10500766
     122     0.10303233
     123     0.10019630
     124     0.09827097
     125     0.09700071
     126     0.09546081
     127     0.09219939
     128     0.08565102
     129     0.07595480
     130     0.06635655
     131     0.06044879
     132     0.05906887
     133     0.06111242
     134     0.06511025
     135     0.06976543
     136     0.07416806
     137     0.07804798
     138     0.08194133
     139     0.08706635
     140     0.09668382
     141     0.11010081
     142     0.11965389
     143     0.12371823
     144     0.12527652
     145     0.12720704
     146     0.13109467
     147     0.13832810
     148     0.14953977
     149     0.16150677
     150     0.16879525
     151     0.17029358
     152     0.17007436
     153     0.17006419
     154     0.16886548
     155     0.16644652
     156     0.16797005
     157     0.17106767
     158     0.17325593
     159     0.18099700
     160     0.18851469
     161     0.18922966
     162     0.19063124
     163     0.19250552
     164     0.19183849
     165     0.19270312
     166     0.19306472
     167     0.19205212
     168     0.19182980
     169     0.19140001
     170     0.19176787
     171     0.19261713
     172     0.19241718
     173     0.19182723
     174     0.19151500
     175     0.19198387
     176     0.19203462
     177     0.19108043
     178     0.19115017
     179     0.19239199
     180     0.19241208
     181     0.19129936
     182     0.19164870
     183     0.19214057
     184     0.19110745
     185     0.19187983
     186     0.19299454
     187     0.19037155
     188     0.19116610
     189     0.19275882
     190     0.19140448
     191     0.19163704
     192     0.19177054
     193     0.19194195
     194     0.19179660
     195     0.19134513
     196     0.19222050
     197     0.19175037
     198     0.19108931
     199     0.19247071
     200     0.19175576
     201     0.19144995
     202     0.19206004
     203     0.19164786
     204     0.19180330
     205     0.19184321
     206     0.19172369
     207     0.19183485
     208     0.19177593
     209     0.19177802
     210     0.19181930
     211     0.19175759
     212     0.19181774
     213     0.19177459
     214     0.19179280
     215     0.19180076
     216     0.19177113
     217     0.19181492
     218     0.19176590
     219     0.19181151
     220     0.19177633
     221     0.19179651
     222     0.19179310
     223     0.19178081
     224     0.19180539
     225     0.19177357
     226     0.19180685
     227     0.19177762
     228     0.19179848
     229     0.19178843
     230     0.19178747
     231     0.19179758
     232     0.19178173
     233     0.19179922
     234     0.19178395
     235     0.19179430
     236     0.19178993
     237     0.19178898
     238     0.19179330
     239     0.19178810
     240     0.19179202
     241     0.19179054
     242     0.19178970
     243     0.19179165
     244     0.19179036
     245     0.19178960
     246     0.19179292
     247     0.19178788
     248     0.19179301
     249     0.19178979
     250     0.19178958
     251     0.19179364
     252     0.19178654
     253     0.19179480
     254     0.19178762
     255     0.19179184
     256     0.19179151
     257     0.19178811
     258     0.19179434
     259     0.19178649
     260     0.19179497
     261     0.19178655
     262     0.19179435
     263     0.19178822
     264     0.19179093
     265     0.19179381
     266     0.19178363
     267     0.19180126
     268     0.19177879
     269     0.19180056
     270     0.19178637
     271     0.19178738
     272     0.19180119
     273     0.19177610
     274     0.19180444
     275     0.19178125
     276     0.19179432
     277     0.19179041
     278     0.19179088
     279     0.19178830
     280     0.19179285
     281     0.19179362
     282     0.19177648
     283     0.19181682
     284     0.19175838
     285     0.19181697
     286     0.19178267
     287     0.19177342
     288     0.19182931
     289     0.19174304
     290     0.19183000
     291     0.19177378
     292     0.19177972
     293     0.19182385
     294     0.19174864
     295     0.19182438
     296     0.19177764
     297     0.19177926
     298     0.19181964
     299     0.19175858
     300     0.19180973