#    Running state based averaged BO population
       0     0.00000000     1.00000000
       1     0.00000000     1.00000000
       2     0.00000000     1.00000000
       3     0.00000000     1.00000000
       4     0.00000000     1.00000000
       5     0.00000000     1.00000000
       6     0.00000000     1.00000000
       7     0.00000000     1.00000000
       8     0.00000000     1.00000000
       9     0.00000000     1.00000000
      10     0.00000000     1.00000000
      11     0.00000000     1.00000000
      12     0.00000000     1.00000000
      13     0.00000000     1.00000000
      14     0.00000000     1.00000000
      15     0.00000000     1.00000000
      16     0.00000000     1.00000000
      17     0.00000000     1.00000000
      18     0.00000000     1.00000000
      19     0.00000000     1.00000000
      20     0.00000000     1.00000000
      21     0.00000000     1.00000000
      22     0.00000000     1.00000000
      23     0.00000000     1.00000000
      24     0.00000000     1.00000000
      25     0.00000000     1.00000000
      26     0.00000000     1.00000000
      27     0.00000000     1.00000000
      28     0.00000000     1.00000000
      29     0.00000000     1.00000000
      30     0.00000000     1.00000000
      31     0.00000000     1.00000000
      32     0.00000000     1.00000000
      33     0.00000000     1.00000000
      34     0.00000000     1.00000000
      35     0.00000000     1.00000000
      36     0.00000000     1.00000000
      37     0.00000000     1.00000000
      38     0.00000000     1.00000000
      39     0.00000000     1.00000000
      40     0.00000000     1.00000000
      41     0.00000000     1.00000000
      42     0.00000000     1.00000000
      43     0.00000000     1.00000000
      44     0.00000000     1.00000000
      45     0.00000000     1.00000000
      46     0.00000000     1.00000000
      47     0.00000000     1.00000000
      48     0.00000000     1.00000000
      49     0.00000000     1.00000000
      50     0.00000000     1.00000000
      51     0.00000000     1.00000000
      52     0.00000000     1.00000000
      53     0.00000000     1.00000000
      54     0.00000000     1.00000000
      55     0.00000000     1.00000000
      56     0.00000000     1.00000000
      57     0.00000000     1.00000000
      58     0.00000000     1.00000000
      59     0.00000000     1.00000000
      60     0.00000000     1.00000000
      61     0.00000000     1.00000000
      62     0.00000000     1.00000000
      63     0.00000000     1.00000000
      64     0.00000000     1.00000000
      65     0.00000000     1.00000000
      66     0.00000000     1.00000000
      67     0.00000000     1.00000000
      68     0.00000000     1.00000000
      69     0.00000000     1.00000000
      70     0.00000000     1.00000000
      71     0.00000000     1.00000000
      72     0.00000000     1.00000000
      73     0.00000000     1.00000000
      74     0.00000000     1.00000000
      75     0.00000000     1.00000000
      76     0.00000000     1.00000000
      77     0.00000000     1.00000000
      78     0.00000000     1.00000000
      79     0.00000000     1.00000000
      80     0.00000000     1.00000000
      81     0.00000000     1.00000000
      82     0.00000000     1.00000000
      83     0.00000000     1.00000000
      84     0.00000000     1.00000000
      85     0.00000000     1.00000000
      86     0.00000000     1.00000000
      87     0.00000000     1.00000000
      88     0.00000000     1.00000000
      89     0.00000000     1.00000000
      90     0.00000000     1.00000000
      91     0.00000000     1.00000000
      92     0.00000000     1.00000000
      93     0.00000000     1.00000000
      94     0.00000000     1.00000000
      95     0.00000000     1.00000000
      96     0.00000000     1.00000000
      97     0.00000000     1.00000000
      98     0.00000000     1.00000000
      99     0.00000000     1.00000000
     100     0.00000000     1.00000000
     101     0.00000000     1.00000000
     102     0.00000000     1.00000000
     103     0.00000000     1.00000000
     104     0.00000000     1.00000000
     105     0.00000000     1.00000000
     106     0.00000000     1.00000000
     107     0.00000000     1.00000000
     108     0.00000000     1.00000000
     109     0.00000000     1.00000000
     110     0.00000000     1.00000000
     111     0.00000000     1.00000000
     112     0.00000000     1.00000000
     113     0.00000000     1.00000000
     114     0.00000000     1.00000000
     115     0.00000000     1.00000000
     116     0.00000000     1.00000000
     117     0.20000000     0.80000000
     118     0.20000000     0.80000000
     119     0.40000000     0.60000000
     120     0.40000000     0.60000000
     121     0.40000000     0.60000000
     122     0.40000000     0.60000000
     123     0.40000000     0.60000000
     124     0.40000000     0.60000000
     125     0.40000000     0.60000000
     126     0.40000000     0.60000000
     127     0.40000000     0.60000000
     128     0.40000000     0.60000000
     129     0.40000000     0.60000000
     130     0.40000000     0.60000000
     131     0.40000000     0.60000000
     132     0.40000000     0.60000000
     133     0.40000000     0.60000000
     134     0.40000000     0.60000000
     135     0.40000000     0.60000000
     136     0.40000000     0.60000000
     137     0.40000000     0.60000000
     138     0.40000000     0.60000000
     139     0.60000000     0.40000000
     140     0.60000000     0.40000000
     141     0.60000000     0.40000000
     142     0.60000000     0.40000000
     143     0.60000000     0.40000000
     144     0.60000000     0.40000000
     145     0.60000000     0.40000000
     146     0.60000000     0.40000000
     147     0.60000000     0.40000000
     148     0.60000000     0.40000000
     149     0.60000000     0.40000000
     150     0.60000000     0.40000000
     151     0.80000000     0.20000000
     152     0.80000000     0.20000000
     153     0.80000000     0.20000000
     154     0.80000000     0.20000000
     155     0.80000000     0.20000000
     156     0.80000000     0.20000000
     157     0.80000000     0.20000000
     158     0.80000000     0.20000000
     159     0.80000000     0.20000000
     160     0.80000000     0.20000000
     161     0.80000000     0.20000000
     162     0.80000000     0.20000000
     163     1.00000000     0.00000000
     164     1.00000000     0.00000000
     165     1.00000000     0.00000000
     166     1.00000000     0.00000000
     167     1.00000000     0.00000000
     168     1.00000000     0.00000000
     169     1.00000000     0.00000000
     170     1.00000000     0.00000000
     171     1.00000000     0.00000000
     172     1.00000000     0.00000000
     173     1.00000000     0.00000000
     174     1.00000000     0.00000000
     175     1.00000000     0.00000000
     176     1.00000000     0.00000000
     177     1.00000000     0.00000000
     178     1.00000000     0.00000000
     179     1.00000000     0.00000000
     180     1.00000000     0.00000000
     181     1.00000000     0.00000000
     182     1.00000000     0.00000000
     183     1.00000000     0.00000000
     184     1.00000000     0.00000000
     185     1.00000000     0.00000000
     186     1.00000000     0.00000000
     187     1.00000000     0.00000000
     188     1.00000000     0.00000000
     189     1.00000000     0.00000000
     190     1.00000000     0.00000000
     191     1.00000000     0.00000000
     192     1.00000000     0.00000000
     193     1.00000000     0.00000000
     194     1.00000000     0.00000000
     195     1.00000000     0.00000000
     196     1.00000000     0.00000000
     197     1.00000000     0.00000000
     198     1.00000000     0.00000000
     199     1.00000000     0.00000000
     200     1.00000000     0.00000000
     201     1.00000000     0.00000000
     202     1.00000000     0.00000000
     203     1.00000000     0.00000000
     204     1.00000000     0.00000000
     205     1.00000000     0.00000000
     206     1.00000000     0.00000000
     207     1.00000000     0.00000000
     208     1.00000000     0.00000000
     209     1.00000000     0.00000000
     210     1.00000000     0.00000000
     211     1.00000000     0.00000000
     212     1.00000000     0.00000000
     213     1.00000000     0.00000000
     214     1.00000000     0.00000000
     215     1.00000000     0.00000000
     216     1.00000000     0.00000000
     217     1.00000000     0.00000000
     218     1.00000000     0.00000000
     219     1.00000000     0.00000000
     220     1.00000000     0.00000000
     221     1.00000000     0.00000000
     222     1.00000000     0.00000000
     223     1.00000000     0.00000000
     224     1.00000000     0.00000000
     225     1.00000000     0.00000000
     226     1.00000000     0.00000000
     227     1.00000000     0.00000000
     228     1.00000000     0.00000000
     229     1.00000000     0.00000000
     230     1.00000000     0.00000000
     231     1.00000000     0.00000000
     232     1.00000000     0.00000000
     233     1.00000000     0.00000000
     234     1.00000000     0.00000000
     235     1.00000000     0.00000000
     236     1.00000000     0.00000000
     237     1.00000000     0.00000000
     238     1.00000000     0.00000000
     239     1.00000000     0.00000000
     240     1.00000000     0.00000000
     241     1.00000000     0.00000000
     242     1.00000000     0.00000000
     243     1.00000000     0.00000000
     244     1.00000000     0.00000000
     245     1.00000000     0.00000000
     246     1.00000000     0.00000000
     247     1.00000000     0.00000000
     248     1.00000000     0.00000000
     249     1.00000000     0.00000000
     250     1.00000000     0.00000000
     251     1.00000000     0.00000000
     252     1.00000000     0.00000000
     253     1.00000000     0.00000000
     254     1.00000000     0.00000000
     255     1.00000000     0.00000000
     256     1.00000000     0.00000000
     257     1.00000000     0.00000000
     258     1.00000000     0.00000000
     259     1.00000000     0.00000000
     260     1.00000000     0.00000000
     261     1.00000000     0.00000000
     262     1.00000000     0.00000000
     263     1.00000000     0.00000000
     264     1.00000000     0.00000000
     265     1.00000000     0.00000000
     266     1.00000000     0.00000000
     267     1.00000000     0.00000000
     268     1.00000000     0.00000000
     269     1.00000000     0.00000000
     270     1.00000000     0.00000000
     271     1.00000000     0.00000000
     272     1.00000000     0.00000000
     273     1.00000000     0.00000000
     274     1.00000000     0.00000000
     275     1.00000000     0.00000000
     276     1.00000000     0.00000000
     277     1.00000000     0.00000000
     278     1.00000000     0.00000000
     279     1.00000000     0.00000000
     280     1.00000000     0.00000000
     281     1.00000000     0.00000000
     282     1.00000000     0.00000000
     283     1.00000000     0.00000000
     284     1.00000000     0.00000000
     285     1.00000000     0.00000000
     286     1.00000000     0.00000000
     287     1.00000000     0.00000000
     288     1.00000000     0.00000000
     289     1.00000000     0.00000000
     290     1.00000000     0.00000000
     291     1.00000000     0.00000000
     292     1.00000000     0.00000000
     293     1.00000000     0.00000000
     294     1.00000000     0.00000000
     295     1.00000000     0.00000000
     296     1.00000000     0.00000000
     297     1.00000000     0.00000000
     298     1.00000000     0.00000000
     299     1.00000000     0.00000000
     300     1.00000000     0.00000000