#    Density matrix based averaged BO population
       0     0.00000000     1.00000000
       1     0.00000007     0.99999993
       2     0.00000002     0.99999998
       3     0.00000004     0.99999996
       4     0.00000004     0.99999996
       5     0.00000001     0.99999999
       6     0.00000005     0.99999995
       7     0.00000001     0.99999999
       8     0.00000004     0.99999996
       9     0.00000002     0.99999998
      10     0.00000003     0.99999997
      11     0.00000002     0.99999998
      12     0.00003433     0.99996567
      13     0.00005081     0.99994919
      14     0.00003598     0.99996402
      15     0.00007061     0.99992939
      16     0.00002670     0.99997330
      17     0.00006795     0.99993205
      18     0.00004406     0.99995594
      19     0.00005115     0.99994885
      20     0.00009988     0.99990012
      21     0.00002858     0.99997142
      22     0.00008035     0.99991965
      23     0.00007989     0.99992011
      24     0.00003222     0.99996778
      25     0.00008768     0.99991232
      26     0.00007519     0.99992481
      27     0.00003923     0.99996077
      28     0.00007935     0.99992065
      29     0.00008260     0.99991740
      30     0.00004950     0.99995050
      31     0.00006141     0.99993859
      32     0.00008428     0.99991572
      33     0.00007143     0.99992857
      34     0.00008266     0.99991734
      35     0.00013629     0.99986371
      36     0.00010876     0.99989124
      37     0.00012114     0.99987886
      38     0.00011039     0.99988961
      39     0.00008238     0.99991762
      40     0.00013001     0.99986999
      41     0.00013984     0.99986016
      42     0.00007887     0.99992113
      43     0.00008935     0.99991065
      44     0.00013589     0.99986411
      45     0.00011817     0.99988183
      46     0.00009501     0.99990499
      47     0.00010411     0.99989589
      48     0.00010246     0.99989754
      49     0.00010293     0.99989707
      50     0.00012273     0.99987727
      51     0.00011703     0.99988297
      52     0.00008286     0.99991714
      53     0.00008173     0.99991827
      54     0.00012004     0.99987996
      55     0.00013342     0.99986658
      56     0.00009981     0.99990019
      57     0.00007201     0.99992799
      58     0.00008883     0.99991117
      59     0.00012160     0.99987840
      60     0.00012483     0.99987517
      61     0.00009840     0.99990160
      62     0.00007837     0.99992163
      63     0.00008665     0.99991335
      64     0.00010943     0.99989057
      65     0.00011957     0.99988043
      66     0.00010767     0.99989233
      67     0.00008865     0.99991135
      68     0.00008259     0.99991741
      69     0.00009420     0.99990580
      70     0.00011082     0.99988918
      71     0.00011605     0.99988395
      72     0.00010532     0.99989468
      73     0.00009002     0.99990998
      74     0.00008482     0.99991518
      75     0.00009286     0.99990714
      76     0.00010570     0.99989430
      77     0.00011308     0.99988692
      78     0.00011132     0.99988868
      79     0.00010547     0.99989453
      80     0.00010262     0.99989738
      81     0.00010326     0.99989674
      82     0.00010370     0.99989630
      83     0.00010358     0.99989642
      84     0.00010432     0.99989568
      85     0.00010470     0.99989530
      86     0.00010409     0.99989591
      87     0.00010577     0.99989423
      88     0.00011494     0.99988506
      89     0.00013768     0.99986232
      90     0.00017974     0.99982026
      91     0.00024312     0.99975688
      92     0.00032894     0.99967106
      93     0.00044765     0.99955235
      94     0.00062624     0.99937376
      95     0.00091342     0.99908658
      96     0.00140190     0.99859810
      97     0.00229077     0.99770923
      98     0.00400786     0.99599214
      99     0.00740404     0.99259596
     100     0.01392357     0.98607643
     101     0.02523388     0.97476612
     102     0.04154414     0.95845586
     103     0.05997623     0.94002377
     104     0.07633077     0.92366923
     105     0.08833760     0.91166240
     106     0.09603494     0.90396506
     107     0.10039365     0.89960635
     108     0.10242056     0.89757944
     109     0.10291398     0.89708602
     110     0.10247245     0.89752755
     111     0.10155185     0.89844815
     112     0.10051767     0.89948233
     113     0.09970107     0.90029893
     114     0.09952161     0.90047839
     115     0.10101477     0.89898523
     116     0.11019044     0.88980956
     117     0.18293329     0.81706671
     118     0.28440608     0.71559392
     119     0.32276545     0.67723455
     120     0.35764687     0.64235313
     121     0.39213965     0.60786035
     122     0.41352133     0.58647867
     123     0.42372209     0.57627791
     124     0.42638820     0.57361180
     125     0.42335718     0.57664282
     126     0.41516266     0.58483734
     127     0.40197269     0.59802731
     128     0.38491945     0.61508055
     129     0.36738554     0.63261446
     130     0.35387990     0.64612010
     131     0.34667064     0.65332936
     132     0.34495592     0.65504408
     133     0.34684892     0.65315108
     134     0.35072501     0.64927499
     135     0.35544238     0.64455762
     136     0.36034795     0.63965205
     137     0.36532434     0.63467566
     138     0.37078852     0.62921148
     139     0.37766367     0.62233633
     140     0.38984445     0.61015555
     141     0.40958236     0.59041764
     142     0.42971432     0.57028568
     143     0.44477610     0.55522390
     144     0.45446780     0.54553220
     145     0.46156509     0.53843491
     146     0.46915230     0.53084770
     147     0.47934635     0.52065365
     148     0.49318643     0.50681357
     149     0.51065071     0.48934929
     150     0.53021652     0.46978348
     151     0.54796151     0.45203849
     152     0.56284234     0.43715766
     153     0.57253505     0.42746495
     154     0.57964555     0.42035445
     155     0.58569871     0.41430129
     156     0.58378176     0.41621824
     157     0.58265763     0.41734237
     158     0.59394647     0.40605353
     159     0.60653816     0.39346184
     160     0.61724046     0.38275954
     161     0.63268706     0.36731294
     162     0.63904404     0.36095596
     163     0.63703719     0.36296281
     164     0.63951930     0.36048070
     165     0.63798784     0.36201216
     166     0.63678897     0.36321103
     167     0.64011885     0.35988115
     168     0.63945272     0.36054728
     169     0.63783569     0.36216431
     170     0.63643921     0.36356079
     171     0.63635823     0.36364177
     172     0.63927438     0.36072562
     173     0.63923252     0.36076748
     174     0.63730426     0.36269574
     175     0.63598923     0.36401077
     176     0.63473585     0.36526415
     177     0.63414858     0.36585142
     178     0.63523944     0.36476056
     179     0.63811086     0.36188914
     180     0.63771967     0.36228033
     181     0.63670430     0.36329570
     182     0.63688147     0.36311853
     183     0.63341470     0.36658530
     184     0.63602965     0.36397035
     185     0.64015162     0.35984838
     186     0.63369639     0.36630361
     187     0.63710061     0.36289939
     188     0.63820962     0.36179038
     189     0.63487141     0.36512859
     190     0.63865217     0.36134783
     191     0.63491812     0.36508188
     192     0.63522368     0.36477632
     193     0.63938802     0.36061198
     194     0.63511734     0.36488266
     195     0.63480351     0.36519649
     196     0.63918608     0.36081392
     197     0.63591990     0.36408010
     198     0.63338037     0.36661963
     199     0.64049034     0.35950966
     200     0.63683786     0.36316214
     201     0.63437194     0.36562806
     202     0.63832856     0.36167144
     203     0.63582426     0.36417574
     204     0.63639982     0.36360018
     205     0.63714863     0.36285137
     206     0.63587279     0.36412721
     207     0.63706387     0.36293613
     208     0.63628142     0.36371858
     209     0.63657506     0.36342494
     210     0.63669448     0.36330552
     211     0.63630776     0.36369224
     212     0.63680739     0.36319261
     213     0.63632157     0.36367843
     214     0.63670821     0.36329179
     215     0.63646297     0.36353703
     216     0.63656069     0.36343931
     217     0.63659066     0.36340934
     218     0.63646689     0.36353311
     219     0.63664559     0.36335441
     220     0.63644816     0.36355184
     221     0.63663547     0.36336453
     222     0.63647778     0.36352222
     223     0.63659536     0.36340464
     224     0.63652111     0.36347889
     225     0.63655302     0.36344698
     226     0.63656001     0.36343999
     227     0.63651827     0.36348173
     228     0.63659017     0.36340983
     229     0.63649371     0.36350629
     230     0.63660723     0.36339277
     231     0.63648725     0.36351275
     232     0.63660014     0.36339986
     233     0.63650955     0.36349045
     234     0.63656348     0.36343652
     235     0.63655651     0.36344349
     236     0.63651319     0.36348681
     237     0.63660138     0.36339862
     238     0.63648224     0.36351776
     239     0.63661222     0.36338778
     240     0.63649365     0.36350635
     241     0.63658113     0.36341887
     242     0.63653774     0.36346226
     243     0.63653315     0.36346685
     244     0.63658041     0.36341959
     245     0.63650261     0.36349739
     246     0.63659548     0.36340452
     247     0.63650216     0.36349784
     248     0.63658437     0.36341563
     249     0.63652019     0.36347981
     250     0.63656320     0.36343680
     251     0.63654269     0.36345731
     252     0.63653966     0.36346034
     253     0.63656824     0.36343176
     254     0.63651195     0.36348805
     255     0.63659595     0.36340405
     256     0.63648918     0.36351082
     257     0.63660670     0.36339330
     258     0.63649748     0.36350252
     259     0.63657496     0.36342504
     260     0.63655177     0.36344823
     261     0.63650544     0.36349456
     262     0.63662311     0.36337689
     263     0.63644869     0.36355131
     264     0.63664956     0.36335044
     265     0.63646329     0.36353671
     266     0.63659226     0.36340774
     267     0.63655417     0.36344583
     268     0.63648556     0.36351444
     269     0.63665277     0.36334723
     270     0.63641906     0.36358094
     271     0.63666976     0.36333024
     272     0.63645797     0.36354203
     273     0.63658379     0.36341621
     274     0.63656986     0.36343014
     275     0.63647445     0.36352555
     276     0.63664908     0.36335092
     277     0.63644263     0.36355737
     278     0.63663296     0.36336704
     279     0.63649140     0.36350860
     280     0.63657547     0.36342453
     281     0.63653804     0.36346196
     282     0.63654569     0.36345431
     283     0.63656083     0.36343917
     284     0.63651215     0.36348785
     285     0.63661592     0.36338408
     286     0.63644221     0.36355779
     287     0.63667438     0.36332562
     288     0.63642953     0.36357047
     289     0.63661674     0.36338326
     290     0.63655672     0.36344328
     291     0.63644939     0.36355061
     292     0.63671515     0.36328485
     293     0.63635053     0.36364947
     294     0.63672017     0.36327983
     295     0.63644581     0.36355419
     296     0.63654823     0.36345177
     297     0.63664796     0.36335204
     298     0.63637127     0.36362873
     299     0.63675098     0.36324902
     300     0.63636892     0.36363108