#    Averaged Non-Adiabatic Coupling Matrix Eliments: off-diagonal
       0     0.00000000     0.00000000     0.00000000
       1     0.00000973     0.00006457     0.00043188
       2     0.00001090     0.00008438     0.00046875
       3     0.00001299     0.00010045     0.00055157
       4     0.00001637     0.00012650     0.00065656
       5     0.00001917     0.00015391     0.00081395
       6     0.00002163     0.00017848     0.00114239
       7     0.00002364     0.00020046     0.00165627
       8     0.00002506     0.00021975     0.00253110
       9     0.00002559     0.00023477     0.00432686
      10     0.00002703     0.00023313     0.00967227
      11     0.00003656     0.00023439     0.02798834
      12     0.00003787     0.00025983     0.02867352
      13     0.00003426     0.00022447     0.04833635
      14     0.00004113     0.00027425     0.06079583
      15     0.00002557     0.00026071     0.02636416
      16     0.00001982     0.00019326     0.01281846
      17     0.00001876     0.00018786     0.01234728
      18     0.00001925     0.00021433     0.01183250
      19     0.00002230     0.00016682     0.00450265
      20     0.00002207     0.00016548     0.00315713
      21     0.00002137     0.00016365     0.00232111
      22     0.00002012     0.00015430     0.00177546
      23     0.00001928     0.00015493     0.00140579
      24     0.00001771     0.00014791     0.00114449
      25     0.00001557     0.00014057     0.00094774
      26     0.00001391     0.00013829     0.00080524
      27     0.00001221     0.00013487     0.00071048
      28     0.00001029     0.00012988     0.00070465
      29     0.00001077     0.00012736     0.00073140
      30     0.00001101     0.00012115     0.00080514
      31     0.00001140     0.00011760     0.00106625
      32     0.00001179     0.00011528     0.00164823
      33     0.00001297     0.00011178     0.00302470
      34     0.00001651     0.00010514     0.00598947
      35     0.00002564     0.00009878     0.00941591
      36     0.00002807     0.00009096     0.00618370
      37     0.00003262     0.00008503     0.00981085
      38     0.00004377     0.00006610     0.02412308
      39     0.00004988     0.00006275     0.00897264
      40     0.00005305     0.00005693     0.00669852
      41     0.00005554     0.00005364     0.00506679
      42     0.00005612     0.00005206     0.00484777
      43     0.00005851     0.00005106     0.00491361
      44     0.00006074     0.00004962     0.00454982
      45     0.00006289     0.00004836     0.00419816
      46     0.00006829     0.00004908     0.00471344
      47     0.00007071     0.00004663     0.00455271
      48     0.00007034     0.00004610     0.00525190
      49     0.00006777     0.00004684     0.01019585
      50     0.00007726     0.00004538     0.01112936
      51     0.00008232     0.00004366     0.00581055
      52     0.00008414     0.00004453     0.00302040
      53     0.00008573     0.00004671     0.00200850
      54     0.00008587     0.00004881     0.00156721
      55     0.00008828     0.00005175     0.00131178
      56     0.00008971     0.00005519     0.00111785
      57     0.00009419     0.00005807     0.00094426
      58     0.00007844     0.00004788     0.00052338
      59     0.00007558     0.00004845     0.00071574
      60     0.00007660     0.00004910     0.00093342
      61     0.00008056     0.00005005     0.00111386
      62     0.00008086     0.00005101     0.00124708
      63     0.00008540     0.00005223     0.00133277
      64     0.00008533     0.00005346     0.00139511
      65     0.00009400     0.00005510     0.00141799
      66     0.00009738     0.00005667     0.00143677
      67     0.00010069     0.00005811     0.00143993
      68     0.00009968     0.00005958     0.00144276
      69     0.00010276     0.00006104     0.00144617
      70     0.00010527     0.00006236     0.00145424
      71     0.00010798     0.00006378     0.00148765
      72     0.00011594     0.00006524     0.00153469
      73     0.00011143     0.00006671     0.00158575
      74     0.00012059     0.00006786     0.00163368
      75     0.00012258     0.00006917     0.00168692
      76     0.00011978     0.00007127     0.00173325
      77     0.00012585     0.00007203     0.00177412
      78     0.00012873     0.00007308     0.00181186
      79     0.00012489     0.00007547     0.00182793
      80     0.00012599     0.00007701     0.00183362
      81     0.00012656     0.00007876     0.00181707
      82     0.00012710     0.00007995     0.00177919
      83     0.00012813     0.00008212     0.00171912
      84     0.00014722     0.00009020     0.00215484
      85     0.00014956     0.00009507     0.00193379
      86     0.00014876     0.00010084     0.00170832
      87     0.00015399     0.00010553     0.00154373
      88     0.00015267     0.00011107     0.00145031
      89     0.00015431     0.00011574     0.00142228
      90     0.00015586     0.00012087     0.00146136
      91     0.00015700     0.00012575     0.00157060
      92     0.00015831     0.00013074     0.00177047
      93     0.00015883     0.00013564     0.00206972
      94     0.00015916     0.00014046     0.00246218
      95     0.00015756     0.00014484     0.00294689
      96     0.00015677     0.00016685     0.00347557
      97     0.00015690     0.00017100     0.00396131
      98     0.00015845     0.00017349     0.00426089
      99     0.00015981     0.00017407     0.00426276
     100     0.00016242     0.00017450     0.00396319
     101     0.00017132     0.00016156     0.00351992
     102     0.00017594     0.00017416     0.00297383
     103     0.00017761     0.00016500     0.00252115
     104     0.00018166     0.00016607     0.00212120
     105     0.00018606     0.00016700     0.00180324
     106     0.00019413     0.00016687     0.00155618
     107     0.00019400     0.00017290     0.00133852
     108     0.00019937     0.00017210     0.00118596
     109     0.00020889     0.00017048     0.00107248
     110     0.00021109     0.00017020     0.00097136
     111     0.00021700     0.00016904     0.00088258
     112     0.00022375     0.00016829     0.00080437
     113     0.00023044     0.00016756     0.00073092
     114     0.00023785     0.00016751     0.00066074
     115     0.00024971     0.00016618     0.00059516
     116     0.00025287     0.00016699     0.00054877
     117     0.00026127     0.00016755     0.00051723
     118     0.00027156     0.00016833     0.00049809
     119     0.00028126     0.00017007     0.00054833
     120     0.00029169     0.00017260     0.00059120