#    Averaged electronic coherence
       0     0.00000000     0.00000000     0.00000000
       1     0.00000000     0.00000004     0.00000603
       2     0.00000000     0.00000005     0.00004344
       3     0.00000000     0.00000007     0.00008504
       4     0.00000000     0.00000010     0.00010991
       5     0.00000000     0.00000013     0.00011995
       6     0.00000000     0.00000018     0.00014577
       7     0.00000000     0.00000020     0.00026098
       8     0.00000000     0.00000025     0.00065465
       9     0.00000000     0.00000028     0.00211014
      10     0.00000000     0.00000029     0.01079014
      11     0.00000002     0.00000025     0.04187251
      12     0.00000001     0.00000026     0.06361001
      13     0.00000005     0.00000028     0.12884484
      14     0.00000003     0.00000012     0.12332705
      15     0.00000006     0.00000047     0.10489001
      16     0.00000005     0.00000047     0.06850688
      17     0.00000003     0.00000017     0.07190804
      18     0.00000003     0.00000036     0.06709821
      19     0.00000005     0.00000032     0.05600774
      20     0.00000001     0.00000025     0.04247782
      21     0.00000002     0.00000038     0.03242504
      22     0.00000001     0.00000030     0.02668372
      23     0.00000001     0.00000031     0.02394095
      24     0.00000001     0.00000036     0.02277850
      25     0.00000001     0.00000029     0.02224469
      26     0.00000001     0.00000030     0.02184910
      27     0.00000001     0.00000032     0.02140580
      28     0.00000001     0.00000031     0.02089605
      29     0.00000001     0.00000030     0.02040252
      30     0.00000001     0.00000031     0.02006101
      31     0.00000001     0.00000028     0.02019204
      32     0.00000001     0.00000028     0.02166947
      33     0.00000001     0.00000029     0.02723497
      34     0.00000001     0.00000026     0.04488766
      35     0.00000003     0.00000022     0.06439888
      36     0.00000005     0.00000023     0.04922852
      37     0.00000005     0.00000022     0.04426459
      38     0.00000006     0.00000016     0.09856286
      39     0.00000009     0.00000015     0.09139742
      40     0.00000017     0.00000014     0.08917963
      41     0.00000014     0.00000013     0.08297442
      42     0.00000011     0.00000011     0.08797355
      43     0.00000016     0.00000010     0.09609421
      44     0.00000018     0.00000008     0.09538491
      45     0.00000015     0.00000006     0.08432718
      46     0.00000017     0.00000005     0.06810763
      47     0.00000026     0.00000004     0.05582002
      48     0.00000024     0.00000004     0.05760414
      49     0.00000020     0.00000003     0.08205216
      50     0.00000026     0.00000002     0.07298045
      51     0.00000031     0.00000001     0.04385464
      52     0.00000026     0.00000001     0.04550581
      53     0.00000024     0.00000001     0.05199588
      54     0.00000028     0.00000001     0.05802287
      55     0.00000028     0.00000002     0.06326250
      56     0.00000026     0.00000002     0.06768305
      57     0.00000028     0.00000002     0.07136419
      58     0.00000032     0.00000002     0.07357855
      59     0.00000031     0.00000002     0.07520356
      60     0.00000030     0.00000002     0.07744318
      61     0.00000035     0.00000002     0.07988848
      62     0.00000045     0.00000003     0.08211798
      63     0.00000046     0.00000003     0.08376484
      64     0.00000042     0.00000002     0.08457990
      65     0.00000046     0.00000002     0.08451063
      66     0.00000059     0.00000004     0.08369661
      67     0.00000066     0.00000005     0.08237349
      68     0.00000060     0.00000003     0.08075367
      69     0.00000056     0.00000004     0.07902804
      70     0.00000063     0.00000006     0.07728867
      71     0.00000070     0.00000007     0.07549997
      72     0.00000069     0.00000006     0.07355493
      73     0.00000064     0.00000007     0.07130555
      74     0.00000058     0.00000007     0.06862010
      75     0.00000065     0.00000006     0.06542155
      76     0.00000070     0.00000005     0.06172462
      77     0.00000058     0.00000005     0.05771146
      78     0.00000052     0.00000004     0.05375603
      79     0.00000063     0.00000002     0.05041238
      80     0.00000068     0.00000003     0.04828324
      81     0.00000063     0.00000003     0.04779975
      82     0.00000062     0.00000002     0.04901838
      83     0.00000073     0.00000002     0.05351515
      84     0.00000084     0.00000004     0.05930946
      85     0.00000081     0.00000005     0.06513453
      86     0.00000070     0.00000003     0.06904235
      87     0.00000067     0.00000002     0.07085301
      88     0.00000076     0.00000003     0.07075824
      89     0.00000080     0.00000003     0.06899324
      90     0.00000076     0.00000003     0.06561519
      91     0.00000075     0.00000003     0.06050657
      92     0.00000083     0.00000003     0.05381307
      93     0.00000095     0.00000003     0.04663089
      94     0.00000104     0.00000004     0.04136215
      95     0.00000108     0.00000004     0.04076195
      96     0.00000113     0.00000005     0.04544202
      97     0.00000127     0.00000007     0.05220160
      98     0.00000143     0.00000007     0.05660440
      99     0.00000156     0.00000007     0.05677647
     100     0.00000164     0.00000005     0.05159298
     101     0.00000176     0.00000003     0.03983665
     102     0.00000199     0.00000003     0.02545659
     103     0.00000222     0.00000003     0.01533071
     104     0.00000229     0.00000003     0.01175929
     105     0.00000235     0.00000003     0.01210320
     106     0.00000249     0.00000003     0.01292745
     107     0.00000264     0.00000003     0.01239517
     108     0.00000268     0.00000002     0.01045664
     109     0.00000285     0.00000002     0.00802304
     110     0.00000322     0.00000002     0.00603621
     111     0.00000354     0.00000001     0.00488951
     112     0.00000380     0.00000001     0.00438121
     113     0.00000414     0.00000001     0.00411742
     114     0.00000466     0.00000001     0.00387779
     115     0.00000535     0.00000001     0.00367281
     116     0.00000609     0.00000001     0.00357102
     117     0.00000663     0.00000001     0.00354937
     118     0.00000717     0.00000001     0.00352288
     119     0.00000799     0.00000001     0.00345488
     120     0.00000913     0.00000001     0.00338203