0.00000e+00      0.00000e+00      0.00000e+00      0.00000e+00      0.00000e+00      0.00000e+00      0.00000e+00      0.00000e+00      0.00000e+00      0.00000e+00      1.00000e+00      
0.00000e+00      0.00000e+00      0.00000e+00      0.00000e+00      0.00000e+00      0.00000e+00      4.00000e-02      0.00000e+00      0.00000e+00      0.00000e+00      9.60000e-01      
0.00000e+00      0.00000e+00      0.00000e+00      0.00000e+00      0.00000e+00      0.00000e+00      4.00000e-02      0.00000e+00      0.00000e+00      0.00000e+00      9.60000e-01      
0.00000e+00      0.00000e+00      0.00000e+00      0.00000e+00      0.00000e+00      0.00000e+00      4.00000e-02      0.00000e+00      0.00000e+00      0.00000e+00      9.60000e-01      
0.00000e+00      0.00000e+00      0.00000e+00      0.00000e+00      0.00000e+00      0.00000e+00      8.00000e-02      0.00000e+00      0.00000e+00      0.00000e+00      9.20000e-01      
0.00000e+00      0.00000e+00      0.00000e+00      0.00000e+00      0.00000e+00      0.00000e+00      8.00000e-02      0.00000e+00      4.00000e-02      0.00000e+00      8.80000e-01      
0.00000e+00      0.00000e+00      0.00000e+00      0.00000e+00      0.00000e+00      0.00000e+00      8.00000e-02      0.00000e+00      4.00000e-02      0.00000e+00      8.80000e-01      
0.00000e+00      0.00000e+00      0.00000e+00      4.00000e-02      0.00000e+00      0.00000e+00      4.00000e-02      0.00000e+00      4.00000e-02      0.00000e+00      8.80000e-01      
0.00000e+00      0.00000e+00      0.00000e+00      4.00000e-02      0.00000e+00      0.00000e+00      4.00000e-02      0.00000e+00      4.00000e-02      0.00000e+00      8.80000e-01      
0.00000e+00      0.00000e+00      0.00000e+00      4.00000e-02      0.00000e+00      0.00000e+00      4.00000e-02      0.00000e+00      4.00000e-02      0.00000e+00      8.80000e-01      
0.00000e+00      0.00000e+00      0.00000e+00      4.00000e-02      0.00000e+00      0.00000e+00      4.00000e-02      0.00000e+00      4.00000e-02      0.00000e+00      8.80000e-01      
0.00000e+00      0.00000e+00      0.00000e+00      4.00000e-02      0.00000e+00      0.00000e+00      4.00000e-02      0.00000e+00      4.00000e-02      0.00000e+00      8.80000e-01      
0.00000e+00      0.00000e+00      0.00000e+00      4.00000e-02      0.00000e+00      0.00000e+00      8.00000e-02      0.00000e+00      4.00000e-02      0.00000e+00      8.40000e-01      
0.00000e+00      0.00000e+00      0.00000e+00      4.00000e-02      0.00000e+00      0.00000e+00      8.00000e-02      0.00000e+00      4.00000e-02      0.00000e+00      8.40000e-01      
0.00000e+00      0.00000e+00      0.00000e+00      4.00000e-02      0.00000e+00      0.00000e+00      8.00000e-02      0.00000e+00      4.00000e-02      0.00000e+00      8.40000e-01      
0.00000e+00      0.00000e+00      0.00000e+00      4.00000e-02      0.00000e+00      0.00000e+00      8.00000e-02      0.00000e+00      4.00000e-02      0.00000e+00      8.40000e-01      
0.00000e+00      0.00000e+00      0.00000e+00      4.00000e-02      0.00000e+00      0.00000e+00      8.00000e-02      0.00000e+00      4.00000e-02      0.00000e+00      8.40000e-01      
0.00000e+00      0.00000e+00      0.00000e+00      4.00000e-02      0.00000e+00      0.00000e+00      8.00000e-02      0.00000e+00      4.00000e-02      0.00000e+00      8.40000e-01      
0.00000e+00      0.00000e+00      0.00000e+00      4.00000e-02      0.00000e+00      0.00000e+00      8.00000e-02      0.00000e+00      4.00000e-02      0.00000e+00      8.40000e-01      
0.00000e+00      0.00000e+00      0.00000e+00      4.00000e-02      0.00000e+00      0.00000e+00      8.00000e-02      0.00000e+00      4.00000e-02      0.00000e+00      8.40000e-01      
