     6
             902505019
C   -0.0160110   -0.2164165   -0.2658041       0.0002365   -0.0004810    0.0000722
N    0.0138046    0.1277157    1.5840577      -0.0008589    0.0007956    0.0001818
H    1.0738596   -0.1696192   -0.6158491       0.0012121    0.0003910   -0.0017527
H   -0.0245712   -0.3737060    2.3368742       0.0054569   -0.0044507   -0.0051405
H    0.1332563    1.1031856    1.2160430       0.0055743   -0.0009375    0.0049601
H   -1.1838569    0.2427929   -0.5098006      -0.0031260   -0.0003297   -0.0014518
unit angstrom
states   4  0  3
dt    20.670687
step     200
savedir /projects/academic/cyberwksp21/Students/jstetzler/SHARC_examples/copy/Tutorial/traj/Singlet_2/TRAJ_00003/restart
SOC
DM
GRAD   1
OVERLAP
PHASES
 
 
